Origin	Destination	Trip Duration
1	2	7.94
1	3	11.88
1	4	18.14
1	5	22.58
1	6	11.74
1	7	13.46
1	8	22.05
1	9	19.0
1	10	21.08
1	11	30.15
1	12	23.88
1	13	28.32
1	14	32.52
1	15	56.24
1	16	35.33
1	17	57.35
1	18	46.46
1	19	29.28
1	20	26.11
1	21	11.55
1	22	11.98
1	23	18.82
1	24	18.47
1	25	26.91
1	26	34.66
1	27	30.49
1	28	63.83
1	29	34.55
1	30	24.99
1	31	30.38
1	32	41.95
1	33	104.37
1	34	31.74
1	35	28.22
1	36	27.11
1	37	18.0
1	38	31.99
1	39	17.22
1	40	16.56
1	41	23.68
1	42	17.58
1	43	21.69
1	44	22.66
1	45	23.79
1	46	32.23
1	47	43.61
1	48	44.21
1	49	44.21
1	50	68.72
1	51	45.36
1	52	56.63
1	53	62.25
1	54	75.04
1	55	51.34
1	56	45.34
1	57	40.6
1	58	23.93
1	59	16.39
1	60	34.48
1	61	32.19
1	62	25.65
1	63	37.96
1	64	30.64
2	3	11.07
2	4	17.75
2	5	10.05
2	6	10.05
2	7	10.51
2	8	19.1
2	9	16.06
2	10	20.92
2	11	31.03
2	12	21.22
2	13	25.66
2	14	31.77
2	15	55.49
2	16	32.66
2	17	54.68
2	18	43.79
2	19	26.61
2	20	23.17
2	21	10.03
2	22	13.89
2	23	20.73
2	24	17.05
2	25	28.4
2	26	33.18
2	27	29.01
2	28	62.48
2	29	31.61
2	30	22.05
2	31	27.52
2	32	39.1
2	33	55.0
2	34	28.88
2	35	25.27
2	36	25.39
2	37	16.28
2	38	29.14
2	39	15.51
2	40	14.84
2	41	21.96
2	42	15.86
2	43	19.97
2	44	20.94
2	45	22.07
2	46	30.51
2	47	41.9
2	48	34.06
2	49	42.49
2	50	67.0
2	51	43.64
2	52	54.91
2	53	60.53
2	54	73.32
2	55	49.99
2	56	47.63
2	57	42.88
2	58	26.21
2	59	18.67
2	60	35.37
2	61	34.47
2	62	26.53
2	63	38.85
2	64	31.52
3	4	22.37
3	5	25.08
3	6	13.43
3	7	15.75
3	8	24.34
3	9	21.58
3	10	25.3
3	11	34.37
3	12	26.74
3	13	31.18
3	14	36.75
3	15	60.46
3	16	38.18
3	17	60.21
3	18	49.31
3	19	32.13
3	20	28.69
3	21	10.33
3	22	12.45
3	23	19.29
3	24	17.11
3	25	27.38
3	26	33.3
3	27	29.14
3	28	62.39
3	29	37.13
3	30	27.57
3	31	32.07
3	32	43.65
3	33	59.55
3	34	33.43
3	35	30.51
3	36	28.81
3	37	19.7
3	38	33.69
3	39	18.9
3	40	18.25
3	41	22.53
3	42	19.27
3	43	23.37
3	44	24.36
3	45	25.47
3	46	33.91
3	47	45.3
3	48	37.47
3	49	45.89
3	50	70.41
3	51	47.04
3	52	58.32
3	53	63.93
3	54	75.65
3	55	49.9
3	56	45.83
3	57	41.09
3	58	24.42
3	59	16.88
3	60	36.09
3	61	32.68
3	62	27.25
3	63	42.19
3	64	34.86
4	5	24.59
4	6	22.66
4	7	21.68
4	8	20.01
4	9	16.49
4	10	18.99
4	11	29.3
4	12	21.2
4	13	25.64
4	14	29.84
4	15	53.56
4	16	5.0
4	17	5.0
4	18	43.77
4	19	26.59
4	20	23.46
4	21	22.48
4	22	22.47
4	23	29.31
4	24	29.39
4	25	37.4
4	26	45.58
4	27	41.41
4	28	74.62
4	29	31.91
4	30	22.34
4	31	29.0
4	32	41.54
4	33	57.44
4	34	36.75
4	35	37.43
4	36	34.87
4	37	28.92
4	38	33.74
4	39	28.14
4	40	27.49
4	41	34.6
4	42	28.5
4	43	32.61
4	44	33.58
4	45	34.71
4	46	43.15
4	47	54.54
4	48	46.7
4	49	55.13
4	50	79.64
4	51	56.28
4	52	67.55
4	53	73.17
4	54	85.96
4	55	62.13
4	56	55.83
4	57	51.09
4	58	34.42
4	59	26.88
4	60	40.95
4	61	42.68
4	62	34.73
4	63	39.2
4	64	31.88
5	6	23.51
5	7	18.29
5	8	18.87
5	9	18.6
5	10	24.83
5	11	35.13
5	12	25.13
5	13	29.57
5	14	35.68
5	15	59.39
5	16	36.57
5	17	58.59
5	18	47.7
5	19	30.36
5	20	26.74
5	21	24.04
5	22	27.9
5	23	34.74
5	24	31.06
5	25	42.41
5	26	47.19
5	27	43.02
5	28	76.49
5	29	34.36
5	30	24.97
5	31	29.4
5	32	41.94
5	33	57.85
5	34	37.16
5	35	34.12
5	36	35.28
5	37	29.72
5	38	34.15
5	39	28.95
5	40	28.29
5	41	35.4
5	42	29.31
5	43	33.41
5	44	32.64
5	45	35.51
5	46	43.15
5	47	54.54
5	48	47.5
5	49	55.13
5	50	80.44
5	51	57.08
5	52	68.35
5	53	73.97
5	54	86.76
5	55	64.0
5	56	62.27
5	57	57.52
5	58	40.85
5	59	33.32
5	60	46.83
5	61	49.12
5	62	41.17
5	63	45.08
5	64	37.75
6	7	13.72
6	8	22.31
6	9	20.01
6	10	24.87
6	11	35.18
6	12	25.17
6	13	29.61
6	14	35.72
6	15	59.44
6	16	36.61
6	17	58.63
6	18	47.74
6	19	30.56
6	20	27.12
6	21	12.3
6	22	16.19
6	23	23.03
6	24	19.32
6	25	30.68
6	26	5.0
6	27	31.29
6	28	64.76
6	29	35.56
6	30	26.0
6	31	28.6
6	32	40.18
6	33	56.08
6	34	29.96
6	35	28.24
6	36	25.33
6	37	16.22
6	38	30.22
6	39	15.43
6	40	14.78
6	41	21.89
6	42	15.8
6	43	19.9
6	44	20.88
6	45	22.0
6	46	30.44
6	47	41.83
6	48	34.0
6	49	42.42
6	50	66.93
6	51	43.57
6	52	54.84
6	53	60.46
6	54	73.25
6	55	75.35
6	56	50.99
6	57	46.25
6	58	29.58
6	59	22.04
6	60	40.28
6	61	37.84
6	62	31.44
6	63	43.76
6	64	36.43
7	8	13.83
7	9	15.69
7	10	21.92
7	11	32.22
7	12	22.22
7	13	26.66
7	14	32.77
7	15	56.48
7	16	33.66
7	17	55.68
7	18	44.79
7	19	27.45
7	20	23.83
7	21	14.62
7	22	18.51
7	23	25.35
7	24	21.64
7	25	33.0
7	26	37.77
7	27	33.61
7	28	67.08
7	29	30.82
7	30	21.43
7	31	23.32
7	32	34.89
7	33	50.8
7	34	24.68
7	35	21.07
7	36	22.6
7	37	17.41
7	38	24.93
7	39	18.3
7	40	17.64
7	41	24.76
7	42	18.66
7	43	22.47
7	44	19.6
7	45	23.74
7	46	30.1
7	47	41.49
7	48	34.77
7	49	42.09
7	50	68.67
7	51	45.31
7	52	56.58
7	53	62.2
7	54	74.99
7	55	54.59
7	56	53.1
7	57	48.36
7	58	31.69
7	59	24.15
7	60	40.88
7	61	39.95
7	62	32.04
7	63	42.17
7	64	34.84
8	9	14.02
8	10	20.24
8	11	30.55
8	12	20.54
8	13	24.98
8	14	31.09
8	15	54.81
8	16	31.99
8	17	54.01
8	18	43.12
8	19	25.78
8	20	22.16
8	21	23.22
8	22	27.02
8	23	33.85
8	24	30.24
8	25	41.59
8	26	46.37
8	27	42.2
8	28	75.67
8	29	26.58
8	30	17.18
8	31	21.61
8	32	34.15
8	33	50.06
8	34	29.37
8	35	29.66
8	36	27.49
8	37	26.01
8	38	26.36
8	39	26.89
8	40	26.23
8	41	33.35
8	42	27.25
8	43	29.92
8	44	27.04
8	45	31.18
8	46	37.01
8	47	47.59
8	48	42.22
8	49	48.18
8	50	76.12
8	51	52.75
8	52	64.03
8	53	69.64
8	54	82.44
8	55	63.18
8	56	60.38
8	57	55.63
8	58	38.97
8	59	31.43
8	60	42.24
8	61	47.23
8	62	38.16
8	63	40.5
8	64	33.17
9	10	15.25
9	11	25.56
9	12	15.19
9	13	19.63
9	14	26.1
9	15	49.82
9	16	26.63
9	17	48.65
9	18	37.76
9	19	19.8
9	20	16.18
9	21	20.54
9	22	23.5
9	23	30.33
9	24	27.56
9	25	38.43
9	26	43.69
9	27	5.0
9	28	72.99
9	29	24.62
9	30	15.06
9	31	23.0
9	32	35.55
9	33	51.45
9	34	30.76
9	35	31.51
9	36	28.88
9	37	26.22
9	38	27.75
9	39	25.45
9	40	24.79
9	41	31.91
9	42	43.69
9	43	29.91
9	44	28.43
9	45	32.01
9	46	38.4
9	47	48.98
9	48	43.61
9	49	49.57
9	50	76.95
9	51	53.58
9	52	64.86
9	53	70.47
9	54	83.27
9	55	60.5
9	56	56.86
9	57	52.12
9	58	35.45
9	59	27.91
9	60	37.25
9	61	43.71
9	62	33.17
9	63	35.5
9	64	28.18
10	11	23.72
10	12	18.4
10	13	20.3
10	14	24.39
10	15	48.1
10	16	27.3
10	17	49.32
10	18	38.43
10	19	22.07
10	20	20.76
10	21	25.4
10	22	25.4
10	23	32.24
10	24	32.38
10	25	40.33
10	26	48.55
10	27	44.38
10	28	77.55
10	29	29.2
10	30	19.63
10	31	27.94
10	32	40.47
10	33	56.38
10	34	35.7
10	35	37.74
10	36	33.82
10	37	31.09
10	38	32.68
10	39	30.32
10	40	29.65
10	41	36.77
10	42	30.67
10	43	34.78
10	44	33.37
10	45	36.87
10	46	43.34
10	47	53.92
10	48	48.55
10	49	54.51
10	50	81.81
10	51	58.44
10	52	69.72
10	53	75.33
10	54	88.13
10	55	65.06
10	56	58.76
10	57	54.02
10	58	37.35
10	59	29.71
10	60	34.7
10	61	44.77
10	62	30.62
10	63	32.95
10	64	25.63
11	12	24.78
11	13	26.61
11	14	30.36
11	15	54.08
11	16	33.68
11	17	55.7
11	18	44.81
11	19	28.45
11	20	31.06
11	21	35.71
11	22	34.47
11	23	41.31
11	24	41.45
11	25	49.4
11	26	58.52
11	27	54.35
11	28	86.63
11	29	39.5
11	30	29.94
11	31	38.25
11	32	50.78
11	33	66.68
11	34	46.01
11	35	48.05
11	36	44.13
11	37	41.39
11	38	42.98
11	39	40.62
11	40	39.96
11	41	47.07
11	42	40.98
11	43	45.08
11	44	43.68
11	45	47.18
11	46	53.64
11	47	64.22
11	48	58.86
11	49	64.82
11	50	92.11
11	51	68.75
11	52	80.02
11	53	85.64
11	54	98.43
11	55	74.14
11	56	67.83
11	57	63.09
11	58	46.42
11	59	38.78
11	60	43.77
11	61	53.84
11	62	39.69
11	63	42.02
11	64	34.7
12	13	18.59
12	14	25.32
12	15	49.04
12	16	25.59
12	17	47.61
12	18	36.72
12	19	20.31
12	20	20.69
12	21	25.7
12	22	28.21
12	23	35.05
12	24	32.72
12	25	43.14
12	26	48.85
12	27	44.68
12	28	78.15
12	29	29.13
12	30	19.57
12	31	27.88
12	32	40.41
12	33	56.31
12	34	35.64
12	35	38.04
12	36	33.76
12	37	31.39
12	38	32.61
12	39	30.61
12	40	29.95
12	41	37.07
12	42	30.97
12	43	35.07
12	44	33.31
12	45	37.17
12	46	43.27
12	47	53.85
12	48	48.49
12	49	54.45
12	50	82.11
12	51	58.74
12	52	70.02
12	53	75.63
12	54	88.43
12	55	65.66
12	56	61.57
12	57	56.83
12	58	40.16
12	59	32.62
12	60	40.49
12	61	48.42
12	62	36.41
12	63	38.74
12	64	31.42
13	14	20.2
13	15	44.43
13	16	20.27
13	17	42.3
13	18	31.4
13	19	17.52
13	20	23.79
13	21	30.14
13	22	32.65
13	23	39.49
13	24	37.16
13	25	47.58
13	26	53.29
13	27	49.12
13	28	82.6
13	29	32.23
13	30	22.66
13	31	30.97
13	32	43.5
13	33	59.41
13	34	38.73
13	35	41.26
13	36	36.85
13	37	35.83
13	38	35.71
13	39	35.06
13	40	34.39
13	41	41.51
13	42	35.41
13	43	39.28
13	44	36.4
13	45	40.54
13	46	46.36
13	47	56.94
13	48	51.58
13	49	57.54
13	50	85.48
13	51	62.11
13	52	73.39
13	53	79.0
13	54	91.8
13	55	70.11
13	56	66.01
13	57	61.27
13	58	44.6
13	59	37.06
13	60	43.98
13	61	52.86
13	62	39.9
13	63	42.24
13	64	34.91
14	15	37.14
14	16	15.26
14	17	41.16
14	18	31.94
14	19	25.27
14	20	31.61
14	21	36.25
14	22	36.85
14	23	43.69
14	24	43.27
14	25	51.78
14	26	59.4
14	27	55.23
14	28	88.7
14	29	40.05
14	30	30.48
14	31	38.79
14	32	51.32
14	33	67.23
14	34	46.55
14	35	48.59
14	36	44.67
14	37	41.94
14	38	43.53
14	39	41.16
14	40	40.5
14	41	47.62
14	42	41.52
14	43	45.62
14	44	44.22
14	45	47.72
14	46	54.19
14	47	64.76
14	48	59.4
14	49	65.36
14	50	92.66
14	51	69.29
14	52	80.57
14	53	86.18
14	54	98.98
14	55	76.21
14	56	70.21
14	57	65.47
14	58	48.8
14	59	41.26
14	60	47.73
14	61	57.06
14	62	43.65
14	63	45.99
14	64	38.66
15	16	42.65
15	17	34.66
15	18	55.63
15	19	52.71
15	20	55.32
15	21	59.97
15	22	60.57
15	23	67.4
15	24	66.99
15	25	75.5
15	26	83.12
15	27	78.95
15	28	112.42
15	29	63.76
15	30	54.2
15	31	62.51
15	32	75.04
15	33	90.94
15	34	70.27
15	35	72.31
15	36	68.39
15	37	65.65
15	38	67.24
15	39	64.88
15	40	64.22
15	41	71.33
15	42	65.24
15	43	69.34
15	44	67.94
15	45	71.44
15	46	77.9
15	47	88.48
15	48	83.12
15	49	89.08
15	50	116.37
15	51	93.01
15	52	104.28
15	53	109.9
15	54	122.69
15	55	99.93
15	56	93.93
15	57	89.18
15	58	72.52
15	59	64.98
15	60	71.45
15	61	80.78
15	62	67.37
15	63	69.7
15	64	62.38
16	17	31.15
16	18	21.93
16	19	23.69
16	20	30.31
16	21	37.15
16	22	39.65
16	23	46.49
16	24	44.17
16	25	54.58
16	26	60.3
16	27	56.13
16	28	89.6
16	29	38.76
16	30	29.19
16	31	37.5
16	32	50.03
16	33	65.93
16	34	45.26
16	35	47.79
16	36	43.38
16	37	42.83
16	38	42.24
16	39	42.06
16	40	41.4
16	41	48.51
16	42	42.41
16	43	45.81
16	44	42.93
16	45	47.07
16	46	52.89
16	47	63.47
16	48	58.11
16	49	64.07
16	50	92.01
16	51	68.64
16	52	79.92
16	53	85.53
16	54	98.33
16	55	77.11
16	56	73.01
16	57	68.27
16	58	51.6
16	59	44.06
16	60	51.05
16	61	59.86
16	62	46.97
16	63	49.3
16	64	41.98
17	18	42.77
17	19	45.72
17	20	52.34
17	21	59.17
17	22	61.67
17	23	68.51
17	24	66.19
17	25	76.6
17	26	82.32
17	27	78.15
17	28	111.62
17	29	60.78
17	30	51.21
17	31	59.52
17	32	72.05
17	33	87.96
17	34	67.28
17	35	69.81
17	36	65.4
17	37	64.85
17	38	64.26
17	39	64.08
17	40	63.42
17	41	70.53
17	42	64.43
17	43	67.83
17	44	64.95
17	45	69.09
17	46	74.91
17	47	85.49
17	48	80.13
17	49	86.09
17	50	114.03
17	51	90.66
17	52	101.94
17	53	107.55
17	54	120.35
17	55	99.13
17	56	95.03
17	57	90.29
17	58	73.62
17	59	66.08
17	60	73.07
17	61	81.88
17	62	68.99
17	63	71.32
17	64	64.0
18	19	34.83
18	20	41.45
18	21	48.28
18	22	50.78
18	23	57.62
18	24	55.3
18	25	65.71
18	26	71.43
18	27	67.26
18	28	100.73
18	29	49.89
18	30	40.32
18	31	48.63
18	32	61.16
18	33	77.07
18	34	56.39
18	35	58.92
18	36	54.51
18	37	53.96
18	38	53.37
18	39	53.19
18	40	52.53
18	41	59.64
18	42	53.54
18	43	56.94
18	44	54.06
18	45	58.2
18	46	64.02
18	47	74.6
18	48	69.24
18	49	75.2
18	50	103.14
18	51	79.77
18	52	91.05
18	53	96.66
18	54	109.46
18	55	88.24
18	56	84.14
18	57	79.4
18	58	62.73
18	59	55.19
18	60	62.18
18	61	70.99
18	62	58.1
18	63	60.43
18	64	53.11
19	20	23.01
19	21	31.09
19	22	33.6
19	23	40.44
19	24	38.11
19	25	48.53
19	26	54.24
19	27	50.08
19	28	83.55
19	29	31.45
19	30	21.88
19	31	30.19
19	32	42.72
19	33	58.63
19	34	37.95
19	35	40.48
19	36	36.07
19	37	36.78
19	38	34.93
19	39	36.01
19	40	35.34
19	41	42.46
19	42	36.15
19	43	38.5
19	44	35.62
19	45	39.76
19	46	45.59
19	47	56.17
19	48	50.8
19	49	56.76
19	50	84.7
19	51	61.33
19	52	72.61
19	53	78.22
19	54	91.02
19	55	71.06
19	56	66.96
19	57	62.22
19	58	45.55
19	59	38.01
19	60	45.82
19	61	53.81
19	62	41.74
19	63	44.07
19	64	36.74
20	21	27.65
20	22	30.47
20	23	37.31
20	24	34.67
20	25	45.4
20	26	50.8
20	27	46.63
20	28	80.1
20	29	24.39
20	30	14.82
20	31	23.14
20	32	35.66
20	33	51.57
20	34	30.89
20	35	33.42
20	36	29.01
20	37	30.7
20	38	27.87
20	39	32.56
20	40	31.23
20	41	39.02
20	42	29.1
20	43	31.44
20	44	28.56
20	45	32.71
20	46	38.53
20	47	49.11
20	48	43.74
20	49	49.7
20	50	77.64
20	51	54.28
20	52	65.55
20	53	71.17
20	54	83.96
20	55	67.61
20	56	63.83
20	57	59.09
20	58	42.42
20	59	34.88
20	60	42.76
20	61	50.68
20	62	38.68
20	63	41.01
20	64	33.68
21	22	10.49
21	23	15.81
21	24	12.02
21	25	23.37
21	26	28.15
21	27	23.98
21	28	57.45
21	29	36.09
21	30	26.53
21	31	30.95
21	32	42.53
21	33	58.43
21	34	32.31
21	35	29.38
21	36	27.68
21	37	18.57
21	38	32.57
21	39	17.78
21	40	16.13
21	41	17.38
21	42	18.15
21	43	21.0
21	44	23.23
21	45	24.35
21	46	32.79
21	47	44.18
21	48	36.34
21	49	44.77
21	50	69.28
21	51	42.58
21	52	57.19
21	53	62.81
21	54	70.72
21	55	44.96
21	56	47.9
21	57	43.16
21	58	26.49
21	59	18.95
21	60	38.16
21	61	34.75
21	62	29.32
21	63	43.57
21	64	36.25
22	23	12.61
22	24	13.8
22	25	20.7
22	26	30.87
22	27	26.7
22	28	58.02
22	29	38.91
22	30	29.35
22	31	34.84
22	32	46.42
22	33	62.32
22	34	36.2
22	35	33.27
22	36	31.57
22	37	22.46
22	38	36.45
22	39	21.45
22	40	18.87
22	41	20.12
22	42	22.03
22	43	23.74
22	44	27.12
22	45	27.73
22	46	36.17
22	47	47.56
22	48	39.73
22	49	48.15
22	50	72.67
22	51	45.33
22	52	60.58
22	53	66.19
22	54	71.29
22	55	45.53
22	56	45.01
22	57	40.27
22	58	23.6
22	59	16.06
22	60	35.27
22	61	31.86
22	62	26.43
22	63	42.29
22	64	34.96
23	24	18.44
23	25	19.54
23	26	32.87
23	27	25.87
23	28	56.86
23	29	45.75
23	30	36.19
23	31	41.68
23	32	53.25
23	33	69.16
23	34	43.04
23	35	40.11
23	36	38.41
23	37	29.3
23	38	43.29
23	39	26.78
23	40	24.19
23	41	25.45
23	42	27.69
23	43	29.06
23	44	33.96
23	45	33.05
23	46	41.49
23	47	52.88
23	48	45.05
23	49	53.48
23	50	77.99
23	51	50.65
23	52	65.9
23	53	71.51
23	54	70.12
23	55	44.37
23	56	51.85
23	57	47.1
23	58	30.43
23	59	22.9
23	60	42.1
23	61	38.7
23	62	33.27
23	63	49.13
23	64	41.8
24	25	22.24
24	26	27.21
24	27	23.04
24	28	56.32
24	29	43.11
24	30	33.55
24	31	37.97
24	32	49.55
24	33	65.45
24	34	39.33
24	35	36.4
24	36	34.7
24	37	25.59
24	38	39.59
24	39	22.79
24	40	20.2
24	41	21.46
24	42	23.7
24	43	25.07
24	44	30.25
24	45	29.06
24	46	37.5
24	47	48.89
24	48	41.06
24	49	49.49
24	50	74.0
24	51	46.66
24	52	61.91
24	53	67.52
24	54	69.59
24	55	43.83
24	56	51.98
24	57	47.24
24	58	30.57
24	59	23.03
24	60	42.24
24	61	38.83
24	62	33.4
24	63	49.26
24	64	41.94
25	26	36.67
25	27	25.2
25	28	55.34
25	29	53.85
25	30	44.28
25	31	49.33
25	32	60.9
25	33	76.8
25	34	50.69
25	35	47.76
25	36	46.06
25	37	36.95
25	38	50.94
25	39	34.2
25	40	31.61
25	41	32.87
25	42	35.11
25	43	36.48
25	44	41.61
25	45	40.47
25	46	48.91
25	47	60.3
25	48	52.47
25	49	60.9
25	50	85.41
25	51	58.07
25	52	66.51
25	53	78.05
25	54	68.61
25	55	42.85
25	56	59.94
25	57	55.2
25	58	38.53
25	59	30.99
25	60	50.2
25	61	46.79
25	62	41.36
25	63	57.22
25	64	49.89
26	27	29.37
26	28	70.75
26	29	59.24
26	30	49.68
26	31	52.84
26	32	64.42
26	33	80.32
26	34	54.2
26	35	52.53
26	36	49.58
26	37	40.7
26	38	54.46
26	39	37.5
26	40	34.91
26	41	36.17
26	42	38.41
26	43	39.78
26	44	45.12
26	45	43.77
26	46	52.21
26	47	63.6
26	48	55.77
26	49	64.2
26	50	88.71
26	51	61.37
26	52	76.62
26	53	82.23
26	54	84.02
26	55	58.26
26	56	69.06
26	57	64.31
26	58	47.65
26	59	40.11
26	60	59.32
26	61	55.91
26	62	50.48
26	63	66.34
26	64	59.01
27	28	59.21
27	29	55.07
27	30	45.51
27	31	48.67
27	32	60.25
27	33	76.15
27	34	50.03
27	35	48.37
27	36	45.41
27	37	36.53
27	38	50.29
27	39	33.33
27	40	30.74
27	41	32.0
27	42	34.24
27	43	35.61
27	44	40.96
27	45	39.6
27	46	48.05
27	47	59.43
27	48	51.6
27	49	60.03
27	50	84.54
27	51	57.2
27	52	70.38
27	53	78.06
27	54	72.48
27	55	46.72
27	56	64.89
27	57	60.15
27	58	43.48
27	59	35.94
27	60	55.15
27	61	51.74
27	62	46.31
27	63	62.17
27	64	54.84
28	29	88.54
28	30	78.98
28	31	83.4
28	32	94.98
28	33	110.88
28	34	84.76
28	35	81.84
28	36	80.14
28	37	71.03
28	38	85.02
28	39	68.27
28	40	65.69
28	41	66.94
28	42	69.19
28	43	70.56
28	44	75.69
28	45	74.55
28	46	82.99
28	47	94.38
28	48	86.55
28	49	94.97
28	50	105.45
28	51	91.56
28	52	71.26
28	53	82.8
28	54	67.08
28	55	39.86
28	56	97.16
28	57	92.42
28	58	75.75
28	59	68.21
28	60	87.42
28	61	84.01
28	62	78.58
28	63	94.44
28	64	87.12
29	30	17.53
29	31	24.3
29	32	29.57
29	33	45.56
29	34	31.27
29	35	35.95
29	36	31.54
29	37	33.23
29	38	23.68
29	39	36.85
29	40	33.76
29	41	42.1
29	42	31.63
29	43	33.97
29	44	31.09
29	45	35.24
29	46	40.12
29	47	50.7
29	48	46.27
29	49	51.3
29	50	80.17
29	51	56.81
29	52	68.08
29	53	73.7
29	54	86.49
29	55	76.06
29	56	72.28
29	57	67.53
29	58	50.86
29	59	43.32
29	60	51.2
29	61	59.12
29	62	47.12
29	63	49.45
29	64	42.12
30	31	16.27
30	32	28.8
30	33	44.71
30	34	24.03
30	35	26.56
30	36	22.15
30	37	23.83
30	38	21.01
30	39	27.46
30	40	24.37
30	41	32.71
30	42	22.23
30	43	24.58
30	44	21.7
30	45	25.84
30	46	31.67
30	47	42.25
30	48	36.88
30	49	42.84
30	50	70.78
30	51	47.41
30	52	58.69
30	53	64.3
30	54	77.1
30	55	66.49
30	56	62.71
30	57	57.97
30	58	41.3
30	59	33.76
30	60	41.63
30	61	49.56
30	62	37.55
30	63	39.89
30	64	32.56
31	32	27.54
31	33	43.45
31	34	25.05
31	35	28.45
31	36	24.04
31	37	25.73
31	38	18.16
31	39	29.35
31	40	26.26
31	41	34.6
31	42	24.13
31	43	26.47
31	44	23.59
31	45	27.74
31	46	33.56
31	47	44.14
31	48	38.77
31	49	44.73
31	50	72.67
31	51	49.31
31	52	60.58
31	53	66.2
31	54	78.99
31	55	70.92
31	56	69.36
31	57	64.62
31	58	47.95
31	59	40.41
31	60	49.94
31	61	56.21
31	62	45.86
31	63	48.2
31	64	40.87
32	33	31.94
32	34	32.36
32	35	40.02
32	36	35.57
32	37	37.3
32	38	22.75
32	39	40.92
32	40	37.84
32	41	46.18
32	42	35.7
32	43	38.04
32	44	35.17
32	45	39.31
32	46	43.37
32	47	53.95
32	48	50.35
32	49	54.54
32	50	84.16
32	51	60.88
32	52	72.16
32	53	77.77
32	54	90.56
32	55	82.49
32	56	81.22
32	57	76.47
32	58	59.8
32	59	52.27
32	60	62.47
32	61	68.07
32	62	58.39
32	63	60.73
32	64	53.4
33	34	36.73
33	35	55.93
33	36	48.61
33	37	53.2
33	38	37.45
33	39	56.83
33	40	53.74
33	41	62.08
33	42	51.6
33	43	53.95
33	44	48.85
33	45	55.07
33	46	53.09
33	47	63.67
33	48	61.04
33	49	76.63
33	50	93.88
33	51	76.78
33	52	88.06
33	53	93.67
33	54	106.47
33	55	98.39
33	56	97.12
33	57	92.38
33	58	75.71
33	59	68.17
33	60	78.38
33	61	83.97
33	62	74.3
33	63	76.63
33	64	69.3
34	35	29.81
34	36	21.36
34	37	27.09
34	38	23.15
34	39	30.71
34	40	27.62
34	41	35.96
34	42	25.48
34	43	27.83
34	44	21.59
34	45	27.82
34	46	25.84
34	47	36.42
34	48	33.79
34	49	37.01
34	50	66.63
34	51	50.67
34	52	61.94
34	53	67.56
34	54	80.35
34	55	72.27
34	56	71.0
34	57	66.26
34	58	49.59
34	59	42.05
34	60	57.7
34	61	57.85
34	62	50.41
34	63	55.95
34	64	48.63
35	36	27.73
35	37	25.2
35	38	30.06
35	39	30.11
35	40	27.4
35	41	35.74
35	42	25.26
35	43	27.6
35	44	24.73
35	45	28.87
35	46	35.24
35	47	46.62
35	48	39.9
35	49	47.22
35	50	73.8
35	51	50.44
35	52	61.71
35	53	67.33
35	54	80.12
35	55	69.35
35	56	67.86
35	57	63.12
35	58	46.45
35	59	38.91
35	60	55.64
35	61	54.71
35	62	46.8
35	63	57.99
35	64	50.67
36	37	24.54
36	38	25.61
36	39	26.08
36	40	22.94
36	41	31.33
36	42	20.8
36	43	23.14
36	44	17.48
36	45	23.71
36	46	27.15
36	47	38.54
36	48	31.82
36	49	39.14
36	50	67.41
36	51	45.98
36	52	57.26
36	53	62.87
36	54	75.67
36	55	67.65
36	56	66.37
36	57	61.63
36	58	44.96
36	59	37.42
36	60	55.65
36	61	53.22
36	62	46.81
36	63	54.07
36	64	46.75
37	38	27.34
37	39	18.09
37	40	17.13
37	41	24.25
37	42	18.15
37	43	22.26
37	44	21.54
37	45	24.35
37	46	32.05
37	47	43.43
37	48	36.35
37	49	44.03
37	50	69.29
37	51	45.92
37	52	57.2
37	53	62.81
37	54	75.61
37	55	42.69
37	56	57.26
37	57	52.52
37	58	35.85
37	59	28.31
37	60	46.54
37	61	44.11
37	62	37.7
37	63	50.02
37	64	42.69
38	39	30.96
38	40	27.88
38	41	36.22
38	42	25.74
38	43	28.08
38	44	25.21
38	45	29.35
38	46	33.41
38	47	43.99
38	48	40.38
38	49	44.58
38	50	74.19
38	51	50.92
38	52	62.19
38	53	67.81
38	54	80.6
38	55	72.53
38	56	71.26
38	57	66.51
38	58	49.84
38	59	42.3
38	60	54.68
38	61	58.1
38	62	50.6
38	63	52.93
38	64	45.61
39	40	10.38
39	41	17.48
39	42	14.54
39	43	15.55
39	44	21.63
39	45	19.02
39	46	27.46
39	47	38.85
39	48	31.01
39	49	39.44
39	50	63.95
39	51	40.59
39	52	51.86
39	53	57.48
39	54	70.27
39	55	55.78
39	56	56.47
39	57	51.73
39	58	35.06
39	59	27.52
39	60	45.76
39	61	43.32
39	62	36.92
39	63	49.23
39	64	41.91
40	41	14.87
40	42	11.56
40	43	10.44
40	44	18.48
40	45	14.09
40	46	22.53
40	47	33.92
40	48	26.09
40	49	34.51
40	50	59.03
40	51	35.66
40	52	46.94
40	53	52.55
40	54	65.35
40	55	53.2
40	56	55.82
40	57	51.08
40	58	34.41
40	59	26.87
40	60	45.1
40	61	42.67
40	62	36.27
40	63	48.58
40	64	41.26
41	42	19.75
41	43	15.11
41	44	26.88
41	45	21.76
41	46	30.21
41	47	41.59
41	48	32.61
41	49	42.19
41	50	65.55
41	51	36.69
41	52	53.04
41	53	58.66
41	54	71.45
41	55	54.45
41	56	58.31
41	57	53.57
41	58	36.9
41	59	29.36
41	60	48.57
41	61	45.16
41	62	39.73
41	63	55.59
41	64	48.26
42	43	11.76
42	44	16.35
42	45	13.03
42	46	21.47
42	47	32.86
42	48	25.03
42	49	33.45
42	50	57.96
42	51	34.6
42	52	45.87
42	53	51.49
42	54	64.28
42	55	56.7
42	56	56.84
42	57	52.09
42	58	35.42
42	59	27.88
42	60	46.12
42	61	43.68
42	62	37.28
42	63	49.6
42	64	42.28
43	44	18.69
43	45	11.66
43	46	20.1
43	47	31.48
43	48	22.51
43	49	32.08
43	50	55.44
43	51	31.66
43	52	42.94
43	53	48.55
43	54	61.35
43	55	58.07
43	56	60.94
43	57	56.2
43	58	39.53
43	59	31.99
43	60	50.23
43	61	47.79
43	62	41.39
43	63	53.71
43	64	46.38
44	45	17.46
44	46	20.9
44	47	32.29
44	48	25.57
44	49	32.88
44	50	61.15
44	51	41.53
44	52	52.8
44	53	58.42
44	54	71.21
44	55	63.2
44	56	61.92
44	57	57.18
44	58	40.51
44	59	32.97
44	60	51.2
44	61	48.77
44	62	42.36
44	63	53.62
44	64	46.3
45	46	16.85
45	47	28.24
45	48	17.0
45	49	28.83
45	50	49.93
45	51	32.34
45	52	43.61
45	53	49.23
45	54	62.02
45	55	62.06
45	56	63.04
45	57	58.3
45	58	41.63
45	59	34.09
45	60	52.33
45	61	49.89
45	62	43.49
45	63	55.81
45	64	48.48
46	47	27.52
46	48	24.5
46	49	28.11
46	50	57.73
46	51	42.93
46	52	54.21
46	53	59.82
46	54	72.62
46	55	70.5
46	56	71.48
46	57	66.74
46	58	50.07
46	59	42.53
46	60	60.77
46	61	58.33
46	62	51.93
46	63	63.59
46	64	56.26
47	48	27.01
47	49	23.48
47	50	53.93
47	51	54.32
47	52	65.11
47	53	70.72
47	54	83.52
47	55	81.89
47	56	82.87
47	57	78.13
47	58	61.46
47	59	53.92
47	60	72.15
47	61	69.72
47	62	63.32
47	63	74.17
47	64	66.84
48	49	24.19
48	50	48.3
48	51	39.12
48	52	49.26
48	53	54.88
48	54	67.67
48	55	74.06
48	56	75.03
48	57	70.29
48	58	53.62
48	59	46.08
48	60	64.32
48	61	61.88
48	62	55.48
48	63	67.8
48	64	60.47
49	50	100.74
49	51	77.38
49	52	88.65
49	53	94.27
49	54	107.06
49	55	81.95
49	56	68.59
49	57	63.84
49	58	46.12
49	59	37.75
49	60	37.98
49	61	46.06
49	62	25.46
49	63	25.46
49	64	26.42
50	51	61.27
50	52	56.15
50	53	42.05
50	54	80.24
50	55	94.06
50	56	107.97
50	57	103.23
50	58	86.56
50	59	79.02
50	60	97.26
50	61	94.82
50	62	88.42
50	63	100.74
50	64	93.41
51	52	47.94
51	53	53.56
51	54	66.35
51	55	79.66
51	56	83.51
51	57	78.77
51	58	62.1
51	59	54.56
51	60	73.77
51	61	70.36
51	62	64.93
51	63	77.38
51	64	70.05
52	53	25.61
52	54	32.46
52	55	59.88
52	56	95.88
52	57	91.14
52	58	74.47
52	59	66.93
52	60	85.17
52	61	82.73
52	62	76.33
52	63	88.65
52	64	81.32
53	54	50.54
53	55	71.41
53	56	101.5
53	57	96.76
53	58	80.09
53	59	72.55
53	60	90.79
53	61	88.35
53	62	81.95
53	63	94.27
53	64	86.94
54	55	61.97
54	56	110.43
54	57	105.69
54	58	89.02
54	59	81.48
54	60	100.69
54	61	97.28
54	62	91.85
54	63	107.06
54	64	99.73
55	56	84.67
55	57	79.93
55	58	63.26
55	59	55.72
55	60	74.93
55	61	71.52
55	62	66.09
55	63	81.95
55	64	74.63
56	57	31.57
56	58	31.57
56	59	41.73
56	60	57.64
56	61	54.23
56	62	48.8
56	63	68.59
56	64	67.25
57	58	28.08
57	59	36.99
57	60	52.9
57	61	48.19
57	62	44.06
57	63	63.84
57	64	62.51
58	59	20.32
58	60	35.17
58	61	30.1
58	62	26.34
58	63	46.12
58	64	44.79
59	60	26.8
59	61	26.96
59	62	17.96
59	63	37.75
59	64	36.41
60	61	35.11
60	62	25.46
60	63	37.98
60	64	34.66
61	62	26.27
61	63	46.06
61	64	44.72
62	63	25.46
62	64	24.12
63	64	26.42
