1	2	8.16	7.94
1	3	6.60	11.88
1	4	16.77	18.14
1	5	14.05	22.58
1	6	7.71	11.74
1	7	14.07	13.46
1	8	16.31	22.05
1	9	22.38	19.00
1	10	23.75	21.08
1	11	27.01	30.15
1	12	25.01	23.88
1	13	27.72	28.32
1	14	32.70	32.52
1	15	40.05	56.24
1	16	30.16	35.33
1	17	40.91	57.35
1	18	34.78	46.46
1	19	28.17	29.28
1	20	21.81	26.11
1	21	3.39	11.55
1	22	9.17	11.98
1	23	14.14	18.82
1	24	13.01	18.47
1	25	19.28	26.91
1	26	15.34	34.66
1	27	20.01	30.49
1	28	36.05	63.83
1	29	27.78	34.55
1	30	22.32	24.99
1	31	25.58	30.38
1	32	33.47	41.95
1	33	41.08	104.37
1	34	22.69	31.74
1	35	16.33	28.22
1	36	18.93	27.11
1	37	13.50	18.00
1	38	27.56	31.99
1	39	7.98	17.22
1	40	12.51	16.56
1	41	14.82	23.68
1	42	14.15	17.58
1	43	16.42	21.69
1	44	19.73	22.66
1	45	23.82	23.79
1	46	22.81	32.23
1	47	28.00	43.61
1	48	26.08	44.21
1	49	30.89	44.21
1	50	32.97	68.72
1	51	27.01	45.36
1	52	34.29	56.63
1	53	29.98	62.25
1	54	31.07	75.04
1	55	26.77	51.34
1	56	24.06	45.34
1	57	21.95	40.60
1	58	21.10	23.93
1	59	15.06	16.39
1	60	21.53	34.48
1	61	21.48	32.19
1	62	24.17	25.65
1	63	33.00	37.96
1	64	24.66	30.64
2	3	8.76	11.07
2	4	10.17	17.75
2	5	7.46	10.05
2	6	8.80	10.05
2	7	10.10	10.51
2	8	10.26	19.10
2	9	13.67	16.06
2	10	17.53	20.92
2	11	20.99	31.03
2	12	16.59	21.22
2	13	21.12	25.66
2	14	26.11	31.77
2	15	33.46	55.49
2	16	23.57	32.66
2	17	34.32	54.68
2	18	26.47	43.79
2	19	22.53	26.61
2	20	16.70	23.17
2	21	10.56	10.03
2	22	14.25	13.89
2	23	19.61	20.73
2	24	20.26	17.05
2	25	25.68	28.40
2	26	23.05	33.18
2	27	27.72	29.01
2	28	43.21	62.48
2	29	23.03	31.61
2	30	17.57	22.05
2	31	21.91	27.52
2	32	29.80	39.10
2	33	40.24	55.00
2	34	20.84	28.88
2	35	12.66	25.27
2	36	19.29	25.39
2	37	13.86	16.28
2	38	23.89	29.14
2	39	14.79	15.51
2	40	17.44	14.84
2	41	21.75	21.96
2	42	17.50	15.86
2	43	23.60	19.97
2	44	20.79	20.94
2	45	25.74	22.07
2	46	26.49	30.51
2	47	27.97	41.90
2	48	28.87	34.06
2	49	32.22	42.49
2	50	35.76	67.00
2	51	29.78	43.64
2	52	37.06	54.91
2	53	32.75	60.53
2	54	38.79	73.32
2	55	33.94	49.99
2	56	24.98	47.63
2	57	25.07	42.88
2	58	24.22	26.21
2	59	16.55	18.67
2	60	22.45	35.37
2	61	24.59	34.47
2	62	27.53	26.53
2	63	26.41	38.85
2	64	27.78	31.52
3	4	17.40	22.37
3	5	14.51	25.08
3	6	10.66	13.43
3	7	16.57	15.75
3	8	17.31	24.34
3	9	20.73	21.58
3	10	20.61	25.30
3	11	23.87	34.37
3	12	23.65	26.74
3	13	29.19	31.18
3	14	31.20	36.75
3	15	38.55	60.46
3	16	30.62	38.18
3	17	41.37	60.21
3	18	32.92	49.31
3	19	29.52	32.13
3	20	23.15	28.69
3	21	5.58	10.33
3	22	6.48	12.45
3	23	11.83	19.29
3	24	13.39	17.11
3	25	17.91	27.38
3	26	18.42	33.30
3	27	23.11	29.14
3	28	36.41	62.39
3	29	29.12	37.13
3	30	23.66	27.57
3	31	27.84	32.07
3	32	35.73	43.65
3	33	43.34	59.55
3	34	24.95	33.43
3	35	18.60	30.51
3	36	21.18	28.81
3	37	15.75	19.70
3	38	29.83	33.69
3	39	10.43	18.90
3	40	14.96	18.25
3	41	17.27	22.53
3	42	16.60	19.27
3	43	18.87	23.37
3	44	22.18	24.36
3	45	26.27	25.47
3	46	25.26	33.91
3	47	30.25	45.30
3	48	28.53	37.47
3	49	34.20	45.89
3	50	35.42	70.41
3	51	29.46	47.04
3	52	36.74	58.32
3	53	32.43	63.93
3	54	34.17	75.65
3	55	27.13	49.90
3	56	20.92	45.83
3	57	18.81	41.09
3	58	17.96	24.42
3	59	11.92	16.88
3	60	18.39	36.09
3	61	18.34	32.68
3	62	21.03	27.25
3	63	29.57	42.19
3	64	21.52	34.86
4	5	3.05	24.59
4	6	14.67	22.66
4	7	8.83	21.68
4	8	6.54	20.01
4	9	7.43	16.49
4	10	10.35	18.99
4	11	13.83	29.30
4	12	11.47	21.20
4	13	14.68	25.64
4	14	18.93	29.84
4	15	26.28	53.56
4	16	17.12	5.00
4	17	27.87	5.00
4	18	21.67	43.77
4	19	16.08	26.59
4	20	12.31	23.46
4	21	17.06	22.48
4	22	19.57	22.47
4	23	24.05	29.31
4	24	23.71	29.39
4	25	29.99	37.40
4	26	26.05	45.58
4	27	30.71	41.41
4	28	48.23	74.62
4	29	17.91	31.91
4	30	12.45	22.34
4	31	18.31	29.00
4	32	27.82	41.54
4	33	41.49	57.44
4	34	22.09	36.75
4	35	13.91	37.43
4	36	21.82	34.87
4	37	15.78	28.92
4	38	25.14	33.74
4	39	20.91	28.14
4	40	23.56	27.49
4	41	26.93	34.60
4	42	22.94	28.50
4	43	27.50	32.61
4	44	23.04	33.58
4	45	29.65	34.71
4	46	27.74	43.15
4	47	29.23	54.54
4	48	31.56	46.70
4	49	33.47	55.13
4	50	41.37	79.64
4	51	33.69	56.28
4	52	40.97	67.55
4	53	36.66	73.17
4	54	41.78	85.96
4	55	38.95	62.13
4	56	21.34	55.83
4	57	28.45	51.09
4	58	27.59	34.42
4	59	19.60	26.88
4	60	18.88	40.95
4	61	27.49	42.68
4	62	20.26	34.73
4	63	19.13	39.20
4	64	31.16	31.88
5	6	15.13	23.51
5	7	9.29	18.29
5	8	7.00	18.87
5	9	8.24	18.60
5	10	11.07	24.83
5	11	14.53	35.13
5	12	11.96	25.13
5	13	14.67	29.57
5	14	19.65	35.68
5	15	27.00	59.39
5	16	17.11	36.57
5	17	27.86	58.59
5	18	21.66	47.70
5	19	16.07	30.36
5	20	12.77	26.74
5	21	17.34	24.04
5	22	19.85	27.90
5	23	24.33	34.74
5	24	24.17	31.06
5	25	30.27	42.41
5	26	26.50	47.19
5	27	31.17	43.02
5	28	48.68	76.49
5	29	18.37	34.36
5	30	12.90	24.97
5	31	18.77	29.40
5	32	28.28	41.94
5	33	41.95	57.85
5	34	22.55	37.16
5	35	14.37	34.12
5	36	22.27	35.28
5	37	16.24	29.72
5	38	25.60	34.15
5	39	21.19	28.95
5	40	23.84	28.29
5	41	27.39	35.40
5	42	23.39	29.31
5	43	27.96	33.41
5	44	23.50	32.64
5	45	30.11	35.51
5	46	28.20	43.15
5	47	29.69	54.54
5	48	32.02	47.50
5	49	33.93	55.13
5	50	41.83	80.44
5	51	34.14	57.08
5	52	41.43	68.35
5	53	37.11	73.97
5	54	42.23	86.76
5	55	39.41	64.00
5	56	22.16	62.27
5	57	28.73	57.52
5	58	27.88	40.85
5	59	19.89	33.32
5	60	19.69	46.83
5	61	28.31	49.12
5	62	21.07	41.17
5	63	19.95	45.08
5	64	31.44	37.75
6	7	8.63	13.72
6	8	11.54	22.31
6	9	14.95	20.01
6	10	21.88	24.87
6	11	25.33	35.18
6	12	17.87	25.17
6	13	25.47	29.61
6	14	30.46	35.72
6	15	37.80	59.44
6	16	27.91	36.61
6	17	38.66	58.63
6	18	28.13	47.74
6	19	23.96	30.56
6	20	18.72	27.12
6	21	9.30	12.30
6	22	13.92	16.19
6	23	19.12	23.03
6	24	14.64	19.32
6	25	22.41	30.68
6	26	16.97	5.00
6	27	21.64	31.29
6	28	39.17	64.76
6	29	24.31	35.56
6	30	18.85	26.00
6	31	19.81	28.60
6	32	27.72	40.18
6	33	35.59	56.08
6	34	17.20	29.96
6	35	10.56	28.24
6	36	13.44	25.33
6	37	8.00	16.22
6	38	21.81	30.22
6	39	8.94	15.43
6	40	11.59	14.78
6	41	15.89	21.89
6	42	11.64	15.80
6	43	17.74	19.90
6	44	14.93	20.88
6	45	19.89	22.00
6	46	19.55	30.44
6	47	22.51	41.83
6	48	23.02	34.00
6	49	26.45	42.42
6	50	29.90	66.93
6	51	23.92	43.57
6	52	31.21	54.84
6	53	26.89	60.46
6	54	32.70	73.25
6	55	29.89	75.35
6	56	28.35	50.99
6	57	26.24	46.25
6	58	25.39	29.58
6	59	19.35	22.04
6	60	25.82	40.28
6	61	25.77	37.84
6	62	28.46	31.44
6	63	30.80	43.76
6	64	28.95	36.43
7	8	7.24	13.83
7	9	10.65	15.69
7	10	17.64	21.92
7	11	21.10	32.22
7	12	13.57	22.22
7	13	20.93	26.66
7	14	26.22	32.77
7	15	33.57	56.48
7	16	23.35	33.66
7	17	34.10	55.68
7	18	23.83	44.79
7	19	19.66	27.45
7	20	14.42	23.83
7	21	12.41	14.62
7	22	16.12	18.51
7	23	20.35	25.35
7	24	15.88	21.64
7	25	23.63	33.00
7	26	18.21	37.77
7	27	22.88	33.61
7	28	40.39	67.08
7	29	19.75	30.82
7	30	14.70	21.43
7	31	15.33	23.32
7	32	23.22	34.89
7	33	33.66	50.80
7	34	14.26	24.68
7	35	6.08	21.07
7	36	13.98	22.60
7	37	7.94	17.41
7	38	17.31	24.93
7	39	14.18	18.30
7	40	17.37	17.64
7	41	19.09	24.76
7	42	15.10	18.66
7	43	19.67	22.47
7	44	15.21	19.60
7	45	21.81	23.74
7	46	19.91	30.10
7	47	21.39	41.49
7	48	23.73	34.77
7	49	25.63	42.09
7	50	33.53	68.67
7	51	25.85	45.31
7	52	33.13	56.58
7	53	28.82	62.20
7	54	33.94	74.99
7	55	31.12	54.59
7	56	28.71	53.10
7	57	29.87	48.36
7	58	29.02	31.69
7	59	22.98	24.15
7	60	26.24	40.88
7	61	29.40	39.95
7	62	27.63	32.04
7	63	26.50	42.17
7	64	32.58	34.84
8	9	6.55	14.02
8	10	13.44	20.24
8	11	16.90	30.55
8	12	9.69	20.54
8	13	17.04	24.98
8	14	22.02	31.09
8	15	29.37	54.81
8	16	19.48	31.99
8	17	30.23	54.01
8	18	19.81	43.12
8	19	16.41	25.78
8	20	10.04	22.16
8	21	18.21	23.22
8	22	21.45	27.02
8	23	25.68	33.85
8	24	21.21	30.24
8	25	28.96	41.59
8	26	23.54	46.37
8	27	28.21	42.20
8	28	45.73	75.67
8	29	16.13	26.58
8	30	10.67	17.18
8	31	16.53	21.61
8	32	26.05	34.15
8	33	39.01	50.06
8	34	19.61	29.37
8	35	11.43	29.66
8	36	19.33	27.49
8	37	13.29	26.01
8	38	22.66	26.36
8	39	19.52	26.89
8	40	22.70	26.23
8	41	24.43	33.35
8	42	20.45	27.25
8	43	25.02	29.92
8	44	20.56	27.04
8	45	27.16	31.18
8	46	25.26	37.01
8	47	26.74	47.59
8	48	29.08	42.22
8	49	30.98	48.18
8	50	38.88	76.12
8	51	31.20	52.75
8	52	38.48	64.03
8	53	34.17	69.64
8	54	39.28	82.44
8	55	36.45	63.18
8	56	24.53	60.38
8	57	33.59	55.63
8	58	33.29	38.97
8	59	27.01	31.43
8	60	22.06	42.24
8	61	30.68	47.23
8	62	23.44	38.16
8	63	22.32	40.50
8	64	36.29	33.17
9	10	10.16	15.25
9	11	13.62	25.56
9	12	7.65	15.19
9	13	13.57	19.63
9	14	18.74	26.10
9	15	26.09	49.82
9	16	16.00	26.63
9	17	26.75	48.65
9	18	19.15	37.76
9	19	13.74	19.80
9	20	8.50	16.18
9	21	20.30	20.54
9	22	24.92	23.50
9	23	30.09	30.33
9	24	24.21	27.56
9	25	31.96	38.43
9	26	26.54	43.69
9	27	31.21	5.00
9	28	48.72	72.99
9	29	14.09	24.62
9	30	8.63	15.06
9	31	14.49	23.00
9	32	24.01	35.55
9	33	38.49	51.45
9	34	20.61	30.76
9	35	14.41	31.51
9	36	22.15	28.88
9	37	16.27	26.22
9	38	22.98	27.75
9	39	22.52	25.45
9	40	25.70	24.79
9	41	27.43	31.91
9	42	23.43	43.69
9	43	28.00	29.91
9	44	23.76	28.43
9	45	30.54	32.01
9	46	26.48	38.40
9	47	27.96	48.98
9	48	30.30	43.61
9	49	32.20	49.57
9	50	40.10	76.95
9	51	34.18	53.58
9	52	41.47	64.86
9	53	37.15	70.47
9	54	42.27	83.27
9	55	39.45	60.50
9	56	21.25	56.86
9	57	33.83	52.12
9	58	30.01	35.45
9	59	23.73	27.91
9	60	18.78	37.25
9	61	27.40	43.71
9	62	20.16	33.17
9	63	19.04	35.50
9	64	35.40	28.18
10	11	9.75	23.72
10	12	12.97	18.40
10	13	12.87	20.30
10	14	14.86	24.39
10	15	22.20	48.10
10	16	17.92	27.30
10	17	28.67	49.32
10	18	22.47	38.43
10	19	15.61	22.07
10	20	13.78	20.76
10	21	25.70	25.40
10	22	22.80	25.40
10	23	27.29	32.24
10	24	29.90	32.38
10	25	33.22	40.33
10	26	34.27	48.55
10	27	38.93	44.38
10	28	53.06	77.55
10	29	19.38	29.20
10	30	13.92	19.63
10	31	19.78	27.94
10	32	29.29	40.47
10	33	43.77	56.38
10	34	25.90	35.70
10	35	22.13	37.74
10	36	27.44	33.82
10	37	24.00	31.09
10	38	28.27	32.68
10	39	29.63	30.32
10	40	32.61	29.65
10	41	36.48	36.77
10	42	32.20	30.67
10	43	35.93	34.78
10	44	29.04	33.37
10	45	35.83	36.87
10	46	31.76	43.34
10	47	33.25	53.92
10	48	35.58	48.55
10	49	37.49	54.51
10	50	45.39	81.81
10	51	42.13	58.44
10	52	49.41	69.72
10	53	45.10	75.33
10	54	50.00	88.13
10	55	43.79	65.06
10	56	24.69	58.76
10	57	31.69	54.02
10	58	30.83	37.35
10	59	22.84	29.71
10	60	22.23	34.70
10	61	31.21	44.77
10	62	23.61	30.62
10	63	22.49	32.95
10	64	34.39	25.63
11	12	11.50	24.78
11	13	8.89	26.61
11	14	10.86	30.36
11	15	18.21	54.08
11	16	16.67	33.68
11	17	27.42	55.70
11	18	21.22	44.81
11	19	13.84	28.45
11	20	16.80	31.06
11	21	28.88	35.71
11	22	25.98	34.47
11	23	30.47	41.31
11	24	33.08	41.45
11	25	36.40	49.40
11	26	37.28	58.52
11	27	41.95	54.35
11	28	56.24	86.63
11	29	22.39	39.50
11	30	16.93	29.94
11	31	22.79	38.25
11	32	32.31	50.78
11	33	46.79	66.68
11	34	28.91	46.01
11	35	25.15	48.05
11	36	30.45	44.13
11	37	27.01	41.39
11	38	31.28	42.98
11	39	32.81	40.62
11	40	35.77	39.96
11	41	38.16	47.07
11	42	35.22	40.98
11	43	38.95	45.08
11	44	32.06	43.68
11	45	38.84	47.18
11	46	34.78	53.64
11	47	36.27	64.22
11	48	38.60	58.86
11	49	40.51	64.82
11	50	48.41	92.11
11	51	45.15	68.75
11	52	52.43	80.02
11	53	48.12	85.64
11	54	53.01	98.43
11	55	46.97	74.14
11	56	26.46	67.83
11	57	34.87	63.09
11	58	34.01	46.42
11	59	26.02	38.78
11	60	23.99	43.77
11	61	32.61	53.84
11	62	25.37	39.69
11	63	24.25	42.02
11	64	37.57	34.70
12	13	10.54	18.59
12	14	17.08	25.32
12	15	24.11	49.04
12	16	15.94	25.59
12	17	26.71	47.61
12	18	19.44	36.72
12	19	7.88	20.31
12	20	8.78	20.69
12	21	24.68	25.70
12	22	29.07	28.21
12	23	33.55	35.05
12	24	27.03	32.72
12	25	34.78	43.14
12	26	29.36	48.85
12	27	34.03	44.68
12	28	51.55	78.15
12	29	14.36	29.13
12	30	8.90	19.57
12	31	14.76	27.88
12	32	24.28	40.41
12	33	38.76	56.31
12	34	20.88	35.64
12	35	17.23	38.04
12	36	22.42	33.76
12	37	19.10	31.39
12	38	23.25	32.61
12	39	25.34	30.61
12	40	28.53	29.95
12	41	30.25	37.07
12	42	27.18	30.97
12	43	30.91	35.07
12	44	24.03	33.31
12	45	30.81	37.17
12	46	26.75	43.27
12	47	28.23	53.85
12	48	30.57	48.49
12	49	32.47	54.45
12	50	40.37	82.11
12	51	37.11	58.74
12	52	44.40	70.02
12	53	40.09	75.63
12	54	45.10	88.43
12	55	42.27	65.66
12	56	23.67	61.57
12	57	36.26	56.83
12	58	32.44	40.16
12	59	26.16	32.62
12	60	21.21	40.49
12	61	29.82	48.42
12	62	22.59	36.41
12	63	21.47	38.74
12	64	37.82	31.42
13	14	7.58	20.20
13	15	18.20	44.43
13	16	11.04	20.27
13	17	21.79	42.30
13	18	15.61	31.40
13	19	11.92	17.52
13	20	16.45	23.79
13	21	29.17	30.14
13	22	30.31	32.65
13	23	34.79	39.49
13	24	34.60	37.16
13	25	40.73	47.58
13	26	36.93	53.29
13	27	41.60	49.12
13	28	59.12	82.60
13	29	22.05	32.23
13	30	16.58	22.66
13	31	22.45	30.97
13	32	31.96	43.50
13	33	46.44	59.41
13	34	28.57	38.73
13	35	24.80	41.26
13	36	30.10	36.85
13	37	26.67	35.83
13	38	30.94	35.71
13	39	33.00	35.06
13	40	35.65	34.39
13	41	37.82	41.51
13	42	34.87	35.41
13	43	38.60	39.28
13	44	31.71	36.40
13	45	38.50	40.54
13	46	34.43	46.36
13	47	35.92	56.94
13	48	38.25	51.58
13	49	40.16	57.54
13	50	48.06	85.48
13	51	44.80	62.11
13	52	52.08	73.39
13	53	47.77	79.00
13	54	52.67	91.80
13	55	49.84	70.11
13	56	27.95	66.01
13	57	39.19	61.27
13	58	36.72	44.60
13	59	30.44	37.06
13	60	25.49	43.98
13	61	34.10	52.86
13	62	26.87	39.90
13	63	25.75	42.24
13	64	42.10	34.91
14	15	14.47	37.14
14	16	9.12	15.26
14	17	22.81	41.16
14	18	19.79	31.94
14	19	16.66	25.27
14	20	21.20	31.61
14	21	33.91	36.25
14	22	33.07	36.85
14	23	37.55	43.69
14	24	39.35	43.27
14	25	43.49	51.78
14	26	41.68	59.40
14	27	46.35	55.23
14	28	63.33	88.70
14	29	26.79	40.05
14	30	21.33	30.48
14	31	27.19	38.79
14	32	36.71	51.32
14	33	51.19	67.23
14	34	33.31	46.55
14	35	29.55	48.59
14	36	34.85	44.67
14	37	31.41	41.94
14	38	35.68	43.53
14	39	37.75	41.16
14	40	40.40	40.50
14	41	42.56	47.62
14	42	39.62	41.52
14	43	43.35	45.62
14	44	36.46	44.22
14	45	43.24	47.72
14	46	39.18	54.19
14	47	40.67	64.76
14	48	43.00	59.40
14	49	44.91	65.36
14	50	52.81	92.66
14	51	49.55	69.29
14	52	56.83	80.57
14	53	52.52	86.18
14	54	57.41	98.98
14	55	54.05	76.21
14	56	31.48	70.21
14	57	41.95	65.47
14	58	40.24	48.80
14	59	33.97	41.26
14	60	29.01	47.73
14	61	37.63	57.06
14	62	30.40	43.65
14	63	29.27	45.99
14	64	44.66	38.66
15	16	20.82	42.65
15	17	14.37	34.66
15	18	28.64	55.63
15	19	26.96	52.71
15	20	29.92	55.32
15	21	42.27	59.97
15	22	41.16	60.57
15	23	45.64	67.40
15	24	48.07	66.99
15	25	51.58	75.50
15	26	50.40	83.12
15	27	55.06	78.95
15	28	71.42	112.42
15	29	35.51	63.76
15	30	30.05	54.20
15	31	35.91	62.51
15	32	45.43	75.04
15	33	59.91	90.94
15	34	42.03	70.27
15	35	38.26	72.31
15	36	43.57	68.39
15	37	40.13	65.65
15	38	44.40	67.24
15	39	46.12	64.88
15	40	48.77	64.22
15	41	51.28	71.33
15	42	48.33	65.24
15	43	52.06	69.34
15	44	45.18	67.94
15	45	51.96	71.44
15	46	47.90	77.90
15	47	49.38	88.48
15	48	51.72	83.12
15	49	53.62	89.08
15	50	61.52	116.37
15	51	58.26	93.01
15	52	65.55	104.28
15	53	61.23	109.90
15	54	66.13	122.69
15	55	62.15	99.93
15	56	39.58	93.93
15	57	50.04	89.18
15	58	48.34	72.52
15	59	42.06	64.98
15	60	37.11	71.45
15	61	45.73	80.78
15	62	38.49	67.37
15	63	37.37	69.70
15	64	52.75	62.38
16	17	16.36	31.15
16	18	13.68	21.93
16	19	14.58	23.69
16	20	19.08	30.31
16	21	31.80	37.15
16	22	35.98	39.65
16	23	40.46	46.49
16	24	37.23	44.17
16	25	46.40	54.58
16	26	39.56	60.30
16	27	44.23	56.13
16	28	61.74	89.60
16	29	24.68	38.76
16	30	19.21	29.19
16	31	25.08	37.50
16	32	34.59	50.03
16	33	49.07	65.93
16	34	31.19	45.26
16	35	27.43	47.79
16	36	32.73	43.38
16	37	29.29	42.83
16	38	33.57	42.24
16	39	35.63	42.06
16	40	38.28	41.40
16	41	40.45	48.51
16	42	37.50	42.41
16	43	41.23	45.81
16	44	34.34	42.93
16	45	41.13	47.07
16	46	37.06	52.89
16	47	38.55	63.47
16	48	40.88	58.11
16	49	42.79	64.07
16	50	50.69	92.01
16	51	47.43	68.64
16	52	54.71	79.92
16	53	50.40	85.53
16	54	55.29	98.33
16	55	52.47	77.11
16	56	30.58	73.01
16	57	43.17	68.27
16	58	39.35	51.60
16	59	33.07	44.06
16	60	28.12	51.05
16	61	36.73	59.86
16	62	29.50	46.97
16	63	28.37	49.30
16	64	44.73	41.98
17	18	23.82	42.77
17	19	24.73	45.72
17	20	29.24	52.34
17	21	41.95	59.17
17	22	46.13	61.67
17	23	50.61	68.51
17	24	47.38	66.19
17	25	56.55	76.60
17	26	49.72	82.32
17	27	54.38	78.15
17	28	71.90	111.62
17	29	34.83	60.78
17	30	29.37	51.21
17	31	35.23	59.52
17	32	44.74	72.05
17	33	59.22	87.96
17	34	41.35	67.28
17	35	37.58	69.81
17	36	42.89	65.40
17	37	39.45	64.85
17	38	43.72	64.26
17	39	45.78	64.08
17	40	48.43	63.42
17	41	50.60	70.53
17	42	47.65	64.43
17	43	51.38	67.83
17	44	44.49	64.95
17	45	51.28	69.09
17	46	47.21	74.91
17	47	48.70	85.49
17	48	51.03	80.13
17	49	52.94	86.09
17	50	60.84	114.03
17	51	57.58	90.66
17	52	64.86	101.94
17	53	60.55	107.55
17	54	65.45	120.35
17	55	62.62	99.13
17	56	40.74	95.03
17	57	53.32	90.29
17	58	49.50	73.62
17	59	43.22	66.08
17	60	38.27	73.07
17	61	46.89	81.88
17	62	39.65	68.99
17	63	38.53	71.32
17	64	54.88	64.00
18	19	14.44	34.83
18	20	15.68	41.45
18	21	34.94	48.28
18	22	36.35	50.78
18	23	40.58	57.62
18	24	36.11	55.30
18	25	43.86	65.71
18	26	38.44	71.43
18	27	43.11	67.26
18	28	60.63	100.73
18	29	21.63	49.89
18	30	16.17	40.32
18	31	22.03	48.63
18	32	31.55	61.16
18	33	46.03	77.07
18	34	28.15	56.39
18	35	24.48	58.92
18	36	29.69	54.51
18	37	26.35	53.96
18	38	30.52	53.37
18	39	34.51	53.19
18	40	35.41	52.53
18	41	39.33	59.64
18	42	34.45	53.54
18	43	38.18	56.94
18	44	31.30	54.06
18	45	38.08	58.20
18	46	34.02	64.02
18	47	35.50	74.60
18	48	37.84	69.24
18	49	39.74	75.20
18	50	47.64	103.14
18	51	44.38	79.77
18	52	51.67	91.05
18	53	47.36	96.66
18	54	54.18	109.46
18	55	51.35	88.24
18	56	33.73	84.14
18	57	46.31	79.40
18	58	42.49	62.73
18	59	36.21	55.19
18	60	31.26	62.18
18	61	39.88	70.99
18	62	32.64	58.10
18	63	31.52	60.43
18	64	47.87	53.11
19	20	12.49	23.01
19	21	29.29	31.09
19	22	33.47	33.60
19	23	37.96	40.44
19	24	32.93	38.11
19	25	40.68	48.53
19	26	35.26	54.24
19	27	39.93	50.08
19	28	57.44	83.55
19	29	18.44	31.45
19	30	12.98	21.88
19	31	18.85	30.19
19	32	28.36	42.72
19	33	42.84	58.63
19	34	24.96	37.95
19	35	21.30	40.48
19	36	26.50	36.07
19	37	23.16	36.78
19	38	27.34	34.93
19	39	31.33	36.01
19	40	32.22	35.34
19	41	36.14	42.46
19	42	31.27	36.15
19	43	35.00	38.50
19	44	28.11	35.62
19	45	34.90	39.76
19	46	30.83	45.59
19	47	32.32	56.17
19	48	34.65	50.80
19	49	36.56	56.76
19	50	44.46	84.70
19	51	41.20	61.33
19	52	48.48	72.61
19	53	44.17	78.22
19	54	50.99	91.02
19	55	48.17	71.06
19	56	28.08	66.96
19	57	40.66	62.22
19	58	36.84	45.55
19	59	30.56	38.01
19	60	25.61	45.82
19	61	34.23	53.81
19	62	26.99	41.74
19	63	25.87	44.07
19	64	42.23	36.74
20	21	22.76	27.65
20	22	26.46	30.47
20	23	30.69	37.31
20	24	26.22	34.67
20	25	33.97	45.40
20	26	28.56	50.80
20	27	33.22	46.63
20	28	50.74	80.10
20	29	10.96	24.39
20	30	5.49	14.82
20	31	11.36	23.14
20	32	20.87	35.66
20	33	35.35	51.57
20	34	17.48	30.89
20	35	14.59	33.42
20	36	19.01	29.01
20	37	16.46	30.70
20	38	19.85	27.87
20	39	24.62	32.56
20	40	27.11	31.23
20	41	29.44	39.02
20	42	23.78	29.10
20	43	27.51	31.44
20	44	20.62	28.56
20	45	27.41	32.71
20	46	23.34	38.53
20	47	24.83	49.11
20	48	27.16	43.74
20	49	29.07	49.70
20	50	36.97	77.64
20	51	33.71	54.28
20	52	40.99	65.55
20	53	36.68	71.17
20	54	44.29	83.96
20	55	41.46	67.61
20	56	29.07	63.83
20	57	41.66	59.09
20	58	37.84	42.42
20	59	31.56	34.88
20	60	26.61	42.76
20	61	35.22	50.68
20	62	27.99	38.68
20	63	26.86	41.01
20	64	43.22	33.68
21	22	6.78	10.49
21	23	11.75	15.81
21	24	10.70	12.02
21	25	16.89	23.37
21	26	15.35	28.15
21	27	20.03	23.98
21	28	33.65	57.45
21	29	30.43	36.09
21	30	24.97	26.53
21	31	26.05	30.95
21	32	33.96	42.53
21	33	43.22	58.43
21	34	25.57	32.31
21	35	16.80	29.38
21	36	21.80	27.68
21	37	16.37	18.57
21	38	28.05	32.57
21	39	7.33	17.78
21	40	11.87	16.13
21	41	14.18	17.38
21	42	13.50	18.15
21	43	15.78	21.00
21	44	19.09	23.23
21	45	23.18	24.35
21	46	22.17	32.79
21	47	30.14	44.18
21	48	25.44	36.34
21	49	30.24	44.77
21	50	32.33	69.28
21	51	26.36	42.58
21	52	33.64	57.19
21	53	29.33	62.81
21	54	31.09	70.72
21	55	24.38	44.96
21	56	24.11	47.90
21	57	22.00	43.16
21	58	21.15	26.49
21	59	15.11	18.95
21	60	21.57	38.16
21	61	21.53	34.75
21	62	24.22	29.32
21	63	34.08	43.57
21	64	24.71	36.25
22	23	6.69	12.61
22	24	8.99	13.80
22	25	12.77	20.70
22	26	16.03	30.87
22	27	20.23	26.70
22	28	32.59	58.02
22	29	33.34	38.91
22	30	28.30	29.35
22	31	28.92	34.84
22	32	36.83	46.42
22	33	46.11	62.32
22	34	27.72	36.20
22	35	19.68	33.27
22	36	23.96	31.57
22	37	18.31	22.46
22	38	30.92	36.45
22	39	11.63	21.45
22	40	13.91	18.87
22	41	15.63	20.12
22	42	17.80	22.03
22	43	17.23	23.74
22	44	23.38	27.12
22	45	24.65	27.73
22	46	24.32	36.17
22	47	33.03	47.56
22	48	26.90	39.73
22	49	32.39	48.15
22	50	33.78	72.67
22	51	27.82	45.33
22	52	35.10	60.58
22	53	30.79	66.19
22	54	31.70	71.29
22	55	23.31	45.53
22	56	22.32	45.01
22	57	20.21	40.27
22	58	19.36	23.60
22	59	13.32	16.06
22	60	19.79	35.27
22	61	19.74	31.86
22	62	22.43	26.43
22	63	34.01	42.29
22	64	22.92	34.96
23	24	11.16	18.44
23	25	8.39	19.54
23	26	18.20	32.87
23	27	17.25	25.87
23	28	28.23	56.86
23	29	38.82	45.75
23	30	33.36	36.19
23	31	33.48	41.68
23	32	41.39	53.25
23	33	50.67	69.16
23	34	32.28	43.04
23	35	24.24	40.11
23	36	28.52	38.41
23	37	22.87	29.30
23	38	35.48	43.29
23	39	17.25	26.78
23	40	18.47	24.19
23	41	20.19	25.45
23	42	23.42	27.69
23	43	21.79	29.06
23	44	29.01	33.96
23	45	29.21	33.05
23	46	28.88	41.49
23	47	37.59	52.88
23	48	31.46	45.05
23	49	36.95	53.48
23	50	38.34	77.99
23	51	32.38	50.65
23	52	34.35	65.90
23	53	32.87	71.51
23	54	29.95	70.12
23	55	18.95	44.37
23	56	25.78	51.85
23	57	23.68	47.10
23	58	22.82	30.43
23	59	16.78	22.90
23	60	23.25	42.10
23	61	23.20	38.70
23	62	25.90	33.27
23	63	37.17	49.13
23	64	26.39	41.80
24	25	9.82	22.24
24	26	10.74	27.21
24	27	14.04	23.04
24	28	26.59	56.32
24	29	34.36	43.11
24	30	28.90	33.55
24	31	30.39	37.97
24	32	38.30	49.55
24	33	47.57	65.45
24	34	29.18	39.33
24	35	21.14	36.40
24	36	25.42	34.70
24	37	19.77	25.59
24	38	32.39	39.59
24	39	13.05	22.79
24	40	15.37	20.20
24	41	17.10	21.46
24	42	19.22	23.70
24	43	18.70	25.07
24	44	24.81	30.25
24	45	26.12	29.06
24	46	25.78	37.50
24	47	34.49	48.89
24	48	28.36	41.06
24	49	33.85	49.49
24	50	35.25	74.00
24	51	29.28	46.66
24	52	29.91	61.91
24	53	28.43	67.52
24	54	25.51	69.59
24	55	17.31	43.83
24	56	29.51	51.98
24	57	27.40	47.24
24	58	26.55	30.57
24	59	20.51	23.03
24	60	26.98	42.24
24	61	26.93	38.83
24	62	29.62	33.40
24	63	41.20	49.26
24	64	30.11	41.94
25	26	15.70	36.67
25	27	12.88	25.20
25	28	23.86	55.34
25	29	42.27	53.85
25	30	36.80	44.28
25	31	38.70	49.33
25	32	46.61	60.90
25	33	55.89	76.80
25	34	37.50	50.69
25	35	29.46	47.76
25	36	33.74	46.06
25	37	28.09	36.95
25	38	40.70	50.94
25	39	20.96	34.20
25	40	23.69	31.61
25	41	25.41	32.87
25	42	27.13	35.11
25	43	27.01	36.48
25	44	32.71	41.61
25	45	34.43	40.47
25	46	34.10	48.91
25	47	42.81	60.30
25	48	36.88	52.47
25	49	42.17	60.90
25	50	39.14	85.41
25	51	33.80	58.07
25	52	32.07	66.51
25	53	30.59	78.05
25	54	27.67	68.61
25	55	14.58	42.85
25	56	31.65	59.94
25	57	29.55	55.20
25	58	28.70	38.53
25	59	22.65	30.99
25	60	29.12	50.20
25	61	29.08	46.79
25	62	31.77	41.36
25	63	40.31	57.22
25	64	32.26	49.89
26	27	9.43	29.37
26	28	31.15	70.75
26	29	38.31	59.24
26	30	33.26	49.68
26	31	33.89	52.84
26	32	41.79	64.42
26	33	51.07	80.32
26	34	32.68	54.20
26	35	24.64	52.53
26	36	28.92	49.58
26	37	23.27	40.70
26	38	35.89	54.46
26	39	17.74	37.50
26	40	18.87	34.91
26	41	20.59	36.17
26	42	24.58	38.41
26	43	22.19	39.78
26	44	30.41	45.12
26	45	29.75	43.77
26	46	29.28	52.21
26	47	37.99	63.60
26	48	28.13	55.77
26	49	37.35	64.20
26	50	30.40	88.71
26	51	25.06	61.37
26	52	23.33	76.62
26	53	21.85	82.23
26	54	18.92	84.02
26	55	21.89	58.26
26	56	35.83	69.06
26	57	33.72	64.31
26	58	32.87	47.65
26	59	26.83	40.11
26	60	33.30	59.32
26	61	33.25	55.91
26	62	35.94	50.48
26	63	45.54	66.34
26	64	36.43	59.01
27	28	24.54	59.21
27	29	40.40	55.07
27	30	35.35	45.51
27	31	35.98	48.67
27	32	43.89	60.25
27	33	53.17	76.15
27	34	34.78	50.03
27	35	26.73	48.37
27	36	31.01	45.41
27	37	25.37	36.53
27	38	37.98	50.29
27	39	19.84	33.33
27	40	20.97	30.74
27	41	22.69	32.00
27	42	26.67	34.24
27	43	24.29	35.61
27	44	32.51	40.96
27	45	31.21	39.60
27	46	31.38	48.05
27	47	40.08	59.43
27	48	29.59	51.60
27	49	39.45	60.03
27	50	31.86	84.54
27	51	26.52	57.20
27	52	24.79	70.38
27	53	23.31	78.06
27	54	20.38	72.48
27	55	15.27	46.72
27	56	37.92	64.89
27	57	35.82	60.15
27	58	34.96	43.48
27	59	28.92	35.94
27	60	35.39	55.15
27	61	35.34	51.74
27	62	38.03	46.31
27	63	47.64	62.17
27	64	38.52	54.84
28	29	58.10	88.54
28	30	52.64	78.98
28	31	54.54	83.40
28	32	62.44	94.98
28	33	71.72	110.88
28	34	53.49	84.76
28	35	45.29	81.84
28	36	49.57	80.14
28	37	43.92	71.03
28	38	56.54	85.02
28	39	36.79	68.27
28	40	39.52	65.69
28	41	41.24	66.94
28	42	42.96	69.19
28	43	41.13	70.56
28	44	48.86	75.69
28	45	42.46	74.55
28	46	47.66	82.99
28	47	51.89	94.38
28	48	40.84	86.55
28	49	50.77	94.97
28	50	43.11	105.45
28	51	37.77	91.56
28	52	36.04	71.26
28	53	34.56	82.80
28	54	31.63	67.08
28	55	14.93	39.86
28	56	50.50	97.16
28	57	48.39	92.42
28	58	47.54	75.75
28	59	41.50	68.21
28	60	47.97	87.42
28	61	47.92	84.01
28	62	50.61	78.58
28	63	62.22	94.44
28	64	51.10	87.12
29	30	7.43	17.53
29	31	10.08	24.30
29	32	13.36	29.57
29	33	29.03	45.56
29	34	16.40	31.27
29	35	18.98	35.95
29	36	19.56	31.54
29	37	20.00	33.23
29	38	14.42	23.68
29	39	27.32	36.85
29	40	27.66	33.76
29	41	34.14	42.10
29	42	24.32	31.63
29	43	28.05	33.97
29	44	21.17	31.09
29	45	27.95	35.24
29	46	23.89	40.12
29	47	25.37	50.70
29	48	27.71	46.27
29	49	29.61	51.30
29	50	37.51	80.17
29	51	34.25	56.81
29	52	41.54	68.08
29	53	37.22	73.70
29	54	49.98	86.49
29	55	49.60	76.06
29	56	30.99	72.28
29	57	43.57	67.53
29	58	39.75	50.86
29	59	33.47	43.32
29	60	28.52	51.20
29	61	37.14	59.12
29	62	29.90	47.12
29	63	28.78	49.45
29	64	45.14	42.12
30	31	7.26	16.27
30	32	16.77	28.80
30	33	31.25	44.71
30	34	13.37	24.03
30	35	14.33	26.56
30	36	14.91	22.15
30	37	15.36	23.83
30	38	15.75	21.01
30	39	22.67	27.46
30	40	23.01	24.37
30	41	29.49	32.71
30	42	19.68	22.23
30	43	23.41	24.58
30	44	16.52	21.70
30	45	23.31	25.84
30	46	19.24	31.67
30	47	20.73	42.25
30	48	23.06	36.88
30	49	24.97	42.84
30	50	32.87	70.78
30	51	29.61	47.41
30	52	36.89	58.69
30	53	32.58	64.30
30	54	45.33	77.10
30	55	43.14	66.49
30	56	24.53	62.71
30	57	37.11	57.97
30	58	33.29	41.30
30	59	27.01	33.76
30	60	22.06	41.63
30	61	30.68	49.56
30	62	23.44	37.55
30	63	22.32	39.89
30	64	38.68	32.56
31	32	13.71	27.54
31	33	28.20	43.45
31	34	13.11	25.05
31	35	15.53	28.45
31	36	16.11	24.04
31	37	16.56	25.73
31	38	11.49	18.16
31	39	23.87	29.35
31	40	24.21	26.26
31	41	30.69	34.60
31	42	20.88	24.13
31	43	24.61	26.47
31	44	17.72	23.59
31	45	24.51	27.74
31	46	20.44	33.56
31	47	21.93	44.14
31	48	24.26	38.77
31	49	26.17	44.73
31	50	34.07	72.67
31	51	30.81	49.31
31	52	38.09	60.58
31	53	33.78	66.20
31	54	46.54	78.99
31	55	46.76	70.92
31	56	32.50	69.36
31	57	45.09	64.62
31	58	41.27	47.95
31	59	34.99	40.41
31	60	30.04	49.94
31	61	38.65	56.21
31	62	31.42	45.86
31	63	30.29	48.20
31	64	46.65	40.87
32	33	21.84	31.94
32	34	14.98	32.36
32	35	22.23	40.02
32	36	22.81	35.57
32	37	23.25	37.30
32	38	9.27	22.75
32	39	32.68	40.92
32	40	32.33	37.84
32	41	37.23	46.18
32	42	29.68	35.70
32	43	31.15	38.04
32	44	22.37	35.17
32	45	29.16	39.31
32	46	25.11	43.37
32	47	20.00	53.95
32	48	28.93	50.35
32	49	30.84	54.54
32	50	38.74	84.16
32	51	37.35	60.88
32	52	44.63	72.16
32	53	40.32	77.77
32	54	53.07	90.56
32	55	53.45	82.49
32	56	39.44	81.22
32	57	52.02	76.47
32	58	48.20	59.80
32	59	41.92	52.27
32	60	36.97	62.47
32	61	45.59	68.07
32	62	38.35	58.39
32	63	37.23	60.73
32	64	53.59	53.40
33	34	19.57	36.73
33	35	31.13	55.93
33	36	29.78	48.61
33	37	32.15	53.20
33	38	21.44	37.45
33	39	37.27	56.83
33	40	36.92	53.74
33	41	41.82	62.08
33	42	34.27	51.60
33	43	35.74	53.95
33	44	26.96	48.85
33	45	33.75	55.07
33	46	29.70	53.09
33	47	24.59	63.67
33	48	33.52	61.04
33	49	33.86	76.63
33	50	43.33	93.88
33	51	41.94	76.78
33	52	49.22	88.06
33	53	44.91	93.67
33	54	57.66	106.47
33	55	62.37	98.39
33	56	53.11	97.12
33	57	57.95	92.38
33	58	57.09	75.71
33	59	51.05	68.17
33	60	50.64	78.38
33	61	57.47	83.97
33	62	52.02	74.30
33	63	50.90	76.63
33	64	60.65	69.30
34	35	12.56	29.81
34	36	11.27	21.36
34	37	13.58	27.09
34	38	10.21	23.15
34	39	18.76	30.71
34	40	18.41	27.62
34	41	23.31	35.96
34	42	15.76	25.48
34	43	17.23	27.83
34	44	8.45	21.59
34	45	15.24	27.82
34	46	11.17	25.84
34	47	11.19	36.42
34	48	14.99	33.79
34	49	16.90	37.01
34	50	24.80	66.63
34	51	23.43	50.67
34	52	30.71	61.94
34	53	26.40	67.56
34	54	39.15	80.35
34	55	43.86	72.27
34	56	36.78	71.00
34	57	39.44	66.26
34	58	38.58	49.59
34	59	32.54	42.05
34	60	34.31	57.70
34	61	38.96	57.85
34	62	35.69	50.41
34	63	34.57	55.95
34	64	42.14	48.63
35	36	9.52	27.73
35	37	6.42	25.20
35	38	12.25	30.06
35	39	14.59	30.11
35	40	15.48	27.40
35	41	21.63	35.74
35	42	14.29	25.26
35	43	18.01	27.60
35	44	12.12	24.73
35	45	17.23	28.87
35	46	14.84	35.24
35	47	16.33	46.62
35	48	18.66	39.90
35	49	20.57	47.22
35	50	28.47	73.80
35	51	24.22	50.44
35	52	31.50	61.71
35	53	27.19	67.33
35	54	39.94	80.12
35	55	36.62	69.35
35	56	33.18	67.86
35	57	33.92	63.12
35	58	33.06	46.45
35	59	27.02	38.91
35	60	30.71	55.64
35	61	33.44	54.71
35	62	32.10	46.80
35	63	30.97	57.99
35	64	36.62	50.67
36	37	13.58	24.54
36	38	14.88	25.61
36	39	17.40	26.08
36	40	17.09	22.94
36	41	24.12	31.33
36	42	14.41	20.80
36	43	18.04	23.14
36	44	7.09	17.48
36	45	16.05	23.71
36	46	12.00	27.15
36	47	13.78	38.54
36	48	15.82	31.82
36	49	17.72	39.14
36	50	25.62	67.41
36	51	24.24	45.98
36	52	31.52	57.26
36	53	27.21	62.87
36	54	39.96	75.67
36	55	44.67	67.65
36	56	38.90	66.37
36	57	38.08	61.63
36	58	37.22	44.96
36	59	31.18	37.42
36	60	36.44	55.65
36	61	37.60	53.22
36	62	37.82	46.81
36	63	36.70	54.07
36	64	40.78	46.75
37	38	17.17	27.34
37	39	9.68	18.09
37	40	11.00	17.13
37	41	16.64	24.25
37	42	9.73	18.15
37	43	14.02	22.26
37	44	11.21	21.54
37	45	16.16	24.35
37	46	15.83	32.05
37	47	18.79	43.43
37	48	19.30	36.35
37	49	22.73	44.03
37	50	26.18	69.29
37	51	20.20	45.92
37	52	27.49	57.20
37	53	23.17	62.81
37	54	35.93	75.61
37	55	34.98	42.69
37	56	32.46	57.26
37	57	30.36	52.52
37	58	29.50	35.85
37	59	23.46	28.31
37	60	29.93	46.54
37	61	29.88	44.11
37	62	32.58	37.70
37	63	33.46	50.02
37	64	33.06	42.69
38	39	23.48	30.96
38	40	24.29	27.88
38	41	29.19	36.22
38	42	20.49	25.74
38	43	23.10	28.08
38	44	14.32	25.21
38	45	21.11	29.35
38	46	17.05	33.41
38	47	18.53	43.99
38	48	20.87	40.38
38	49	22.77	44.58
38	50	30.67	74.19
38	51	29.30	50.92
38	52	36.58	62.19
38	53	32.27	67.81
38	54	45.03	80.60
38	55	46.36	72.53
38	56	37.10	71.26
38	57	43.66	66.51
38	58	42.81	49.84
38	59	36.76	42.30
38	60	34.64	54.68
38	61	43.25	58.10
38	62	36.02	50.60
38	63	34.89	52.93
38	64	46.37	45.61
39	40	6.64	10.38
39	41	10.71	17.48
39	42	8.27	14.54
39	43	12.31	15.55
39	44	13.84	21.63
39	45	19.42	19.02
39	46	16.92	27.46
39	47	24.38	38.85
39	48	21.98	31.01
39	49	24.99	39.44
39	50	28.86	63.95
39	51	22.90	40.59
39	52	30.18	51.86
39	53	25.87	57.48
39	54	34.07	70.27
39	55	30.07	55.78
39	56	30.90	56.47
39	57	28.80	51.73
39	58	27.95	35.06
39	59	21.90	27.52
39	60	28.37	45.76
39	61	28.32	43.32
39	62	31.02	36.92
39	63	36.64	49.23
39	64	31.51	41.91
40	41	8.93	14.87
40	42	7.60	11.56
40	43	8.93	10.44
40	44	12.97	18.48
40	45	14.43	14.09
40	46	14.10	22.53
40	47	21.56	33.92
40	48	17.55	26.09
40	49	22.17	34.51
40	50	24.45	59.03
40	51	18.47	35.66
40	52	25.75	46.94
40	53	21.44	52.55
40	54	34.19	65.35
40	55	30.33	53.20
40	56	31.71	55.82
40	57	29.61	51.08
40	58	28.75	34.41
40	59	22.71	26.87
40	60	29.18	45.10
40	61	29.13	42.67
40	62	31.83	36.27
40	63	40.29	48.58
40	64	32.32	41.26
41	42	14.38	19.75
41	43	9.56	15.11
41	44	19.70	26.88
41	45	14.95	21.76
41	46	18.49	30.21
41	47	25.95	41.59
41	48	16.57	32.61
41	49	26.56	42.19
41	50	23.46	65.55
41	51	17.50	36.69
41	52	24.78	53.04
41	53	20.47	58.66
41	54	33.22	71.45
41	55	31.00	54.45
41	56	34.60	58.31
41	57	32.50	53.57
41	58	31.64	36.90
41	59	25.60	29.36
41	60	32.07	48.57
41	61	32.02	45.16
41	62	34.72	39.73
41	63	43.55	55.59
41	64	35.21	48.26
42	43	8.83	11.76
42	44	9.20	16.35
42	45	14.79	13.03
42	46	12.28	21.47
42	47	19.74	32.86
42	48	16.69	25.03
42	49	20.35	33.45
42	50	23.60	57.96
42	51	17.62	34.60
42	52	24.90	45.87
42	53	20.59	51.49
42	54	33.34	64.28
42	55	35.47	56.70
42	56	35.35	56.84
42	57	33.24	52.09
42	58	32.39	35.42
42	59	26.35	27.88
42	60	32.81	46.12
42	61	32.77	43.68
42	62	35.46	37.28
42	63	40.22	49.60
42	64	35.95	42.28
43	44	13.00	18.69
43	45	12.04	11.66
43	46	11.80	20.10
43	47	19.26	31.48
43	48	13.66	22.51
43	49	19.87	32.08
43	50	20.55	55.44
43	51	14.58	31.66
43	52	21.86	42.94
43	53	17.55	48.55
43	54	30.31	61.35
43	55	35.01	58.07
43	56	37.58	60.94
43	57	35.48	56.20
43	58	34.62	39.53
43	59	28.58	31.99
43	60	35.05	50.23
43	61	35.00	47.79
43	62	37.69	41.39
43	63	44.38	53.71
43	64	38.18	46.38
44	45	9.93	17.46
44	46	7.88	20.90
44	47	14.88	32.29
44	48	14.05	25.57
44	49	15.96	32.88
44	50	23.86	61.15
44	51	18.07	41.53
44	52	25.35	52.80
44	53	21.04	58.42
44	54	33.79	71.21
44	55	38.50	63.20
44	56	38.53	61.92
44	57	36.42	57.18
44	58	35.57	40.51
44	59	29.53	32.97
44	60	36.84	51.20
44	61	35.95	48.77
44	62	38.22	42.36
44	63	37.10	53.62
44	64	39.13	46.30
45	46	6.42	16.85
45	47	13.88	28.24
45	48	9.27	17.00
45	49	14.49	28.83
45	50	17.74	49.93
45	51	11.77	32.34
45	52	19.06	43.61
45	53	14.75	49.23
45	54	27.50	62.02
45	55	32.20	62.06
45	56	40.65	63.04
45	57	38.54	58.30
45	58	37.69	41.63
45	59	31.65	34.09
45	60	41.60	52.33
45	61	38.07	49.89
45	62	42.98	43.49
45	63	41.86	55.81
45	64	41.25	48.48
46	47	8.44	27.52
46	48	7.15	24.50
46	49	9.06	28.11
46	50	16.95	57.73
46	51	15.47	42.93
46	52	22.75	54.21
46	53	18.44	59.82
46	54	31.20	72.62
46	55	35.90	70.50
46	56	40.80	71.48
46	57	41.39	66.74
46	58	40.53	50.07
46	59	34.49	42.53
46	60	38.33	60.77
46	61	40.91	58.33
46	62	39.71	51.93
46	63	38.59	63.59
46	64	44.09	56.26
47	48	14.22	27.01
47	49	12.52	23.48
47	50	20.71	53.93
47	51	22.43	54.32
47	52	29.71	65.11
47	53	25.40	70.72
47	54	38.15	83.52
47	55	42.86	81.89
47	56	44.27	82.87
47	57	44.94	78.13
47	58	44.09	61.46
47	59	38.05	53.92
47	60	41.80	72.15
47	61	44.47	69.72
47	62	43.18	63.32
47	63	42.06	74.17
47	64	47.65	66.84
48	49	11.24	24.19
48	50	14.43	48.30
48	51	10.32	39.12
48	52	17.60	49.26
48	53	13.29	54.88
48	54	26.04	67.67
48	55	30.75	74.06
48	56	46.24	75.03
48	57	45.57	70.29
48	58	44.71	53.62
48	59	38.67	46.08
48	60	43.78	64.32
48	61	45.09	61.88
48	62	45.16	55.48
48	63	44.04	67.80
48	64	48.28	60.47
49	50	12.47	100.74
49	51	19.73	77.38
49	52	25.66	88.65
49	53	21.34	94.27
49	54	34.10	107.06
49	55	38.80	81.95
49	56	48.05	68.59
49	57	48.64	63.84
49	58	47.79	46.12
49	59	41.75	37.75
49	60	45.59	37.98
49	61	48.17	46.06
49	62	46.97	25.46
49	63	45.84	25.46
49	64	51.35	26.42
50	51	15.81	61.27
50	52	20.28	56.15
50	53	15.97	42.05
50	54	28.72	80.24
50	55	33.43	94.06
50	56	56.05	107.97
50	57	51.77	103.23
50	58	50.92	86.56
50	59	45.54	79.02
50	60	53.59	97.26
50	61	51.30	94.82
50	62	54.97	88.42
50	63	53.84	100.74
50	64	54.48	93.41
51	52	17.83	47.94
51	53	13.51	53.56
51	54	26.27	66.35
51	55	30.97	79.66
51	56	45.83	83.51
51	57	43.73	78.77
51	58	42.87	62.10
51	59	36.83	54.56
51	60	43.30	73.77
51	61	43.25	70.36
51	62	45.94	64.93
51	63	48.25	77.38
51	64	46.43	70.05
52	53	11.01	25.61
52	54	16.61	32.46
52	55	27.58	59.88
52	56	54.71	95.88
52	57	51.94	91.14
52	58	51.75	74.47
52	59	45.71	66.93
52	60	52.18	85.17
52	61	52.13	82.73
52	62	54.82	76.33
52	63	57.13	88.65
52	64	54.65	81.32
53	54	22.72	50.54
53	55	27.43	71.41
53	56	52.25	101.50
53	57	50.14	96.76
53	58	49.29	80.09
53	59	43.25	72.55
53	60	49.72	90.79
53	61	49.67	88.35
53	62	52.36	81.95
53	63	54.67	94.27
53	64	52.85	86.94
54	55	22.53	61.97
54	56	51.04	110.43
54	57	48.94	105.69
54	58	48.09	89.02
54	59	42.04	81.48
54	60	48.51	100.69
54	61	48.46	97.28
54	62	51.16	91.85
54	63	60.76	107.06
54	64	51.65	99.73
55	56	42.32	84.67
55	57	40.22	79.93
55	58	39.36	63.26
55	59	33.32	55.72
55	60	39.79	74.93
55	61	39.74	71.52
55	62	42.43	66.09
55	63	50.97	81.95
55	64	42.92	74.63
56	57	19.34	31.57
56	58	11.39	31.57
56	59	9.83	41.73
56	60	8.73	57.64
56	61	7.70	54.23
56	62	2.57	48.80
56	63	12.25	68.59
56	64	17.99	67.25
57	58	11.27	28.08
57	59	12.77	36.99
57	60	19.76	52.90
57	61	15.56	48.19
57	62	18.31	44.06
57	63	28.33	63.84
57	64	5.62	62.51
58	59	11.11	20.32
58	60	15.54	35.17
58	61	6.07	30.10
58	62	12.03	26.34
58	63	21.27	46.12
58	64	7.48	44.79
59	60	9.58	26.80
59	61	10.32	26.96
59	62	11.53	17.96
59	63	20.00	37.75
59	64	15.02	36.41
60	61	13.68	35.11
60	62	8.97	25.46
60	63	15.07	37.98
60	64	22.82	34.66
61	62	8.91	26.27
61	63	18.14	46.06
61	64	12.43	44.72
62	63	10.68	25.46
62	64	19.45	24.12
63	64	28.20	26.42