Origin	Destination	Trip Duration
1	2	12.01
1	3	17.75
1	4	21.94
1	5	20.53
1	6	19.17
1	7	21.07
1	8	28.83
1	9	33.42
1	10	41.68
1	11	44.82
1	12	33.86
1	13	30.75
1	14	46.94
1	15	59.3
1	16	51.26
1	17	71.01
1	18	56.18
1	19	42.52
1	20	42.88
1	21	23.41
1	22	21.44
1	23	27.64
1	24	33.72
1	25	35.6
1	26	43.49
1	27	46.14
1	28	66.56
1	29	55.68
1	30	39.38
1	31	40.44
1	32	53.98
1	33	85.92
1	34	37.69
1	35	41.41
1	36	39.23
1	37	26.77
1	38	53.99
1	39	21.71
1	40	31.36
1	41	40.39
1	42	31.93
1	43	34.89
1	44	35.28
1	45	39.37
1	46	45.18
1	47	54.05
1	48	43.57
1	49	63.3
1	50	82.19
1	51	43.77
1	52	62.74
1	53	65.49
1	54	62.75
1	55	52.21
1	56	38.57
1	57	50.4
1	58	29.73
1	59	28.66
1	60	43.04
1	61	37.73
1	62	35.62
1	63	45.08
1	64	35.41
2	3	16.09
2	4	23.85
2	5	13.44
2	6	14.2
2	7	18.62
2	8	24.83
2	9	26.66
2	10	45.71
2	11	42.65
2	12	28.31
2	13	38.66
2	14	47.84
2	15	58.21
2	16	45.17
2	17	68.92
2	18	48.24
2	19	35.83
2	20	37.97
2	21	11.36
2	22	24.12
2	23	30.38
2	24	32.23
2	25	48.62
2	26	47.07
2	27	37.72
2	28	65.51
2	29	52.27
2	30	35.97
2	31	37.68
2	32	51.21
2	33	75.29
2	34	34.16
2	35	38.64
2	36	38.11
2	37	24.64
2	38	49.22
2	39	20.56
2	40	31.16
2	41	39.97
2	42	30.06
2	43	34.68
2	44	34.36
2	45	39.18
2	46	45.49
2	47	53.01
2	48	44.21
2	49	63.13
2	50	80.83
2	51	41.41
2	52	66.38
2	53	64.13
2	54	63.34
2	55	50.15
2	56	42.33
2	57	53.89
2	58	33.22
2	59	28.64
2	60	45.8
2	61	37.21
2	62	41.43
2	63	48.99
2	64	37.89
3	4	29.82
3	5	26.53
3	6	21.55
3	7	22.7
3	8	31.91
3	9	36.74
3	10	34.24
3	11	66.38
3	12	38.4
3	13	51.23
3	14	59.97
3	15	69.33
3	16	56.25
3	17	79.0
3	18	60.33
3	19	49.72
3	20	45.07
3	21	18.58
3	22	15.03
3	23	30.28
3	24	25.46
3	25	36.52
3	26	34.67
3	27	32.32
3	28	58.71
3	29	60.87
3	30	44.57
3	31	44.69
3	32	60.23
3	33	82.19
3	34	39.96
3	35	42.66
3	36	43.5
3	37	33.03
3	38	51.24
3	39	24.18
3	40	32.83
3	41	41.85
3	42	40.4
3	43	36.35
3	44	36.75
3	45	36.84
3	46	43.65
3	47	57.32
3	48	46.03
3	49	65.43
3	50	83.65
3	51	47.24
3	52	64.2
3	53	65.96
3	54	51.94
3	55	44.35
3	56	31.13
3	57	45.96
3	58	25.29
3	59	19.22
3	60	31.6
3	61	32.29
3	62	29.18
3	63	48.24
3	64	50.97
4	5	20.3
4	6	35.19
4	7	32.75
4	8	25.12
4	9	20.16
4	10	20.95
4	11	35.89
4	12	17.32
4	13	27.13
4	14	37.08
4	15	47.44
4	16	47.64
4	17	55.39
4	18	48.97
4	19	37.29
4	20	31.51
4	21	31.06
4	22	29.82
4	23	37.17
4	24	43.98
4	25	45.57
4	26	59.75
4	27	51.4
4	28	80.63
4	29	44.27
4	30	27.98
4	31	31.16
4	32	49.24
4	33	66.77
4	34	49.64
4	35	47.13
4	36	45.7
4	37	43.43
4	38	37.71
4	39	42.91
4	40	69.51
4	41	69.68
4	42	51.67
4	43	58.7
4	44	52.96
4	45	54.2
4	46	61.97
4	47	64.49
4	48	54.81
4	49	67.62
4	50	86.33
4	51	54.44
4	52	65.4
4	53	75.16
4	54	66.01
4	55	59.27
4	56	34.86
4	57	70.77
4	58	56.09
4	59	38.79
4	60	34.34
4	61	50.99
4	62	29.66
4	63	35.22
4	64	28.77
5	6	27.28
5	7	18.84
5	8	17.21
5	9	20.23
5	10	31.27
5	11	44.21
5	12	22.32
5	13	36.22
5	14	46.4
5	15	60.77
5	16	42.73
5	17	64.48
5	18	49.06
5	19	33.39
5	20	31.52
5	21	30.99
5	22	39.75
5	23	50.1
5	24	54.07
5	25	57.5
5	26	59.84
5	27	50.49
5	28	81.72
5	29	50.28
5	30	32.99
5	31	35.17
5	32	49.25
5	33	66.87
5	34	60.73
5	35	50.22
5	36	53.79
5	37	56.52
5	38	42.8
5	39	41.84
5	40	65.44
5	41	60.77
5	42	58.76
5	43	72.79
5	44	52.05
5	45	56.29
5	46	59.07
5	47	80.59
5	48	64.9
5	49	81.71
5	50	91.43
5	51	61.53
5	52	93.49
5	53	89.25
5	54	79.1
5	55	69.36
5	56	47.19
5	57	74.7
5	58	68.03
5	59	50.72
5	60	47.68
5	61	60.33
5	62	41.99
5	63	47.55
5	64	46.71
6	7	13.63
6	8	28.32
6	9	34.15
6	10	54.21
6	11	62.15
6	12	41.81
6	13	54.15
6	14	56.34
6	15	80.7
6	16	53.66
6	17	79.41
6	18	57.83
6	19	52.08
6	20	50.0
6	21	24.52
6	22	34.41
6	23	39.34
6	24	37.51
6	25	55.19
6	26	33.27
6	27	39.92
6	28	78.15
6	29	51.76
6	30	41.47
6	31	34.81
6	32	48.35
6	33	68.82
6	34	30.6
6	35	40.78
6	36	33.14
6	37	19.67
6	38	43.36
6	39	16.59
6	40	24.19
6	41	33.99
6	42	28.09
6	43	27.71
6	44	29.38
6	45	27.2
6	46	35.53
6	47	47.96
6	48	37.23
6	49	55.07
6	50	66.85
6	51	86.44
6	52	72.41
6	53	103.16
6	54	53.53
6	55	57.79
6	56	48.51
6	57	74.34
6	58	43.67
6	59	34.6
6	60	59.98
6	61	50.67
6	62	42.56
6	63	64.07
6	64	63.35
7	8	11.09
7	9	14.92
7	10	41.56
7	11	54.5
7	12	25.57
7	13	50.5
7	14	51.69
7	15	65.05
7	16	47.0
7	17	73.75
7	18	50.59
7	19	44.84
7	20	41.77
7	21	30.88
7	22	34.77
7	23	40.06
7	24	44.23
7	25	47.91
7	26	53.99
7	27	51.65
7	28	74.88
7	29	51.68
7	30	34.81
7	31	29.41
7	32	42.95
7	33	84.02
7	34	45.89
7	35	25.38
7	36	28.95
7	37	25.68
7	38	37.96
7	39	28.6
7	40	48.6
7	41	45.93
7	42	39.92
7	43	54.95
7	44	43.21
7	45	50.45
7	46	52.22
7	47	61.74
7	48	61.06
7	49	75.87
7	50	96.58
7	51	50.68
7	52	71.65
7	53	71.4
7	54	78.26
7	55	62.52
7	56	51.48
7	57	70.77
7	58	49.1
7	59	34.03
7	60	54.96
7	61	56.1
7	62	54.28
7	63	56.84
7	64	58.78
8	9	13.97
8	10	36.51
8	11	56.45
8	12	24.62
8	13	42.45
8	14	56.64
8	15	62.0
8	16	45.96
8	17	70.71
8	18	49.88
8	19	41.26
8	20	23.61
8	21	36.06
8	22	41.79
8	23	47.08
8	24	50.25
8	25	54.93
8	26	58.01
8	27	56.66
8	28	81.89
8	29	50.58
8	30	33.29
8	31	40.47
8	32	59.55
8	33	70.04
8	34	56.91
8	35	38.4
8	36	41.96
8	37	38.69
8	38	47.98
8	39	43.62
8	40	51.62
8	41	60.94
8	42	49.93
8	43	48.97
8	44	52.22
8	45	55.46
8	46	59.24
8	47	74.76
8	48	65.08
8	49	81.88
8	50	92.6
8	51	59.7
8	52	73.67
8	53	79.42
8	54	85.28
8	55	69.54
8	56	62.43
8	57	76.94
8	58	56.19
8	59	40.79
8	60	49.91
8	61	61.56
8	62	48.22
8	63	61.78
8	64	55.94
9	10	27.7
9	11	42.64
9	12	14.15
9	13	34.67
9	14	39.83
9	15	55.19
9	16	36.18
9	17	63.93
9	18	40.82
9	19	26.42
9	20	26.35
9	21	37.82
9	22	44.71
9	23	51.94
9	24	54.06
9	25	60.75
9	26	60.83
9	27	56.48
9	28	84.71
9	29	40.11
9	30	22.81
9	31	25.99
9	32	40.07
9	33	55.99
9	34	45.21
9	35	43.21
9	36	41.03
9	37	39.51
9	38	32.38
9	39	47.43
9	40	55.44
9	41	63.76
9	42	54.75
9	43	62.78
9	44	61.87
9	45	59.31
9	46	61.56
9	47	80.08
9	48	67.4
9	49	85.2
9	50	103.92
9	51	65.52
9	52	79.48
9	53	79.24
9	54	79.09
9	55	72.35
9	56	41.62
9	57	79.18
9	58	59.38
9	59	46.98
9	60	42.1
9	61	64.75
9	62	36.41
9	63	41.97
9	64	37.28
10	11	31.99
10	12	28.2
10	13	27.44
10	14	31.17
10	15	60.54
10	16	50.61
10	17	68.36
10	18	55.94
10	19	40.96
10	20	47.4
10	21	53.91
10	22	52.29
10	23	55.64
10	24	65.9
10	25	64.04
10	26	80.35
10	27	70.0
10	28	70.54
10	29	60.16
10	30	43.87
10	31	48.05
10	32	70.13
10	33	103.04
10	34	67.26
10	35	76.73
10	36	76.09
10	37	74.03
10	38	55.44
10	39	68.0
10	40	76.23
10	41	77.68
10	42	74.09
10	43	78.85
10	44	75.93
10	45	73.36
10	46	80.61
10	47	98.13
10	48	80.45
10	49	70.26
10	50	110.97
10	51	79.58
10	52	100.55
10	53	94.3
10	54	77.61
10	55	62.19
10	56	32.26
10	57	68.24
10	58	54.56
10	59	36.26
10	60	31.74
10	61	48.56
10	62	27.06
10	63	30.62
10	64	82.24
11	12	33.06
11	13	31.49
11	14	35.21
11	15	63.57
11	16	53.49
11	17	71.24
11	18	59.82
11	19	44.57
11	20	52.62
11	21	50.98
11	22	51.35
11	23	58.7
11	24	65.96
11	25	67.1
11	26	70.56
11	27	68.21
11	28	93.61
11	29	66.38
11	30	49.08
11	31	51.26
11	32	65.34
11	33	98.26
11	34	69.48
11	35	78.95
11	36	75.3
11	37	69.24
11	38	61.65
11	39	65.06
11	40	73.29
11	41	73.5
11	42	70.3
11	43	75.06
11	44	73.14
11	45	70.58
11	46	76.83
11	47	90.35
11	48	77.67
11	49	98.47
11	50	117.19
11	51	77.8
11	52	95.76
11	53	97.52
11	54	87.83
11	55	82.25
11	56	61.94
11	57	85.3
11	58	61.63
11	59	53.32
11	60	48.43
11	61	74.08
11	62	56.74
11	63	46.3
11	64	73.31
12	13	19.91
12	14	43.27
12	15	59.71
12	16	34.42
12	17	46.17
12	18	40.02
12	19	18.31
12	20	22.55
12	21	52.13
12	22	53.64
12	23	56.99
12	24	66.73
12	25	65.42
12	26	78.5
12	27	70.15
12	28	95.38
12	29	40.31
12	30	19.02
12	31	25.2
12	32	39.28
12	33	77.19
12	34	46.41
12	35	35.88
12	36	33.24
12	37	32.18
12	38	33.59
12	39	53.1
12	40	64.11
12	41	68.43
12	42	60.23
12	43	62.0
12	44	59.08
12	45	56.51
12	46	63.76
12	47	84.28
12	48	64.6
12	49	84.41
12	50	103.12
12	51	71.73
12	52	87.7
12	53	90.45
12	54	89.76
12	55	74.02
12	56	45.34
12	57	82.91
12	58	66.1
12	59	53.71
12	60	44.82
12	61	61.47
12	62	40.14
12	63	41.7
12	64	54.01
13	14	20.15
13	15	41.44
13	16	22.13
13	17	38.88
13	18	32.46
13	19	23.72
13	20	53.8
13	21	46.28
13	22	49.23
13	23	56.58
13	24	63.99
13	25	64.98
13	26	66.75
13	27	64.4
13	28	91.63
13	29	69.56
13	30	50.27
13	31	44.45
13	32	60.53
13	33	91.44
13	34	69.67
13	35	74.14
13	36	73.49
13	37	64.43
13	38	51.84
13	39	64.14
13	40	69.74
13	41	74.68
13	42	67.49
13	43	68.25
13	44	73.33
13	45	70.77
13	46	78.02
13	47	87.54
13	48	77.85
13	49	98.66
13	50	117.38
13	51	76.98
13	52	92.95
13	53	91.71
13	54	85.02
13	55	80.28
13	56	52.67
13	57	84.18
13	58	59.43
13	59	52.04
13	60	47.15
13	61	71.8
13	62	47.47
13	63	44.03
13	64	69.34
14	15	32.24
14	16	22.3
14	17	42.66
14	18	45.36
14	19	40.73
14	20	46.82
14	21	62.3
14	22	58.97
14	23	73.32
14	24	72.0
14	25	71.72
14	26	78.76
14	27	70.42
14	28	108.23
14	29	61.58
14	30	43.28
14	31	45.46
14	32	70.54
14	33	83.46
14	34	60.68
14	35	81.15
14	36	82.5
14	37	64.45
14	38	69.85
14	39	67.15
14	40	73.75
14	41	81.7
14	42	81.5
14	43	78.26
14	44	83.34
14	45	80.78
14	46	87.03
14	47	97.55
14	48	87.87
14	49	100.67
14	50	118.39
14	51	86.0
14	52	99.96
14	53	91.72
14	54	96.03
14	55	96.87
14	56	53.11
14	57	85.92
14	58	70.88
14	59	53.48
14	60	48.6
14	61	66.25
14	62	47.91
14	63	52.47
14	64	62.92
15	16	39.35
15	17	24.6
15	18	76.27
15	19	71.12
15	20	68.17
15	21	68.52
15	22	75.34
15	23	81.69
15	24	86.35
15	25	88.1
15	26	90.11
15	27	83.76
15	28	112.6
15	29	88.93
15	30	63.63
15	31	66.81
15	32	77.89
15	33	110.81
15	34	88.03
15	35	83.5
15	36	84.85
15	37	85.79
15	38	77.2
15	39	77.37
15	40	83.97
15	41	94.05
15	42	86.85
15	43	81.61
15	44	85.69
15	45	87.13
15	46	93.38
15	47	99.9
15	48	94.22
15	49	103.02
15	50	121.74
15	51	94.35
15	52	112.31
15	53	113.07
15	54	106.38
15	55	105.25
15	56	74.49
15	57	101.29
15	58	86.26
15	59	69.86
15	60	64.98
15	61	87.63
15	62	69.29
15	63	65.85
15	64	94.3
16	17	31.48
16	18	23.65
16	19	45.87
16	20	52.93
16	21	65.41
16	22	61.09
16	23	70.44
16	24	74.12
16	25	82.85
16	26	84.88
16	27	81.53
16	28	102.76
16	29	67.69
16	30	49.4
16	31	51.58
16	32	77.66
16	33	89.57
16	34	66.79
16	35	82.26
16	36	79.62
16	37	70.56
16	38	56.97
16	39	68.26
16	40	76.87
16	41	83.81
16	42	74.62
16	43	79.38
16	44	77.46
16	45	80.89
16	46	87.15
16	47	94.67
16	48	87.98
16	49	97.79
16	50	116.51
16	51	84.11
16	52	99.08
16	53	97.83
16	54	106.14
16	55	91.4
16	56	59.8
16	57	93.37
16	58	80.56
16	59	64.17
16	60	58.28
16	61	73.93
16	62	52.6
16	63	56.16
16	64	73.46
17	18	42.35
17	19	59.57
17	20	77.64
17	21	74.11
17	22	69.8
17	23	78.15
17	24	81.82
17	25	85.55
17	26	94.58
17	27	90.23
17	28	115.46
17	29	89.39
17	30	73.1
17	31	74.28
17	32	92.36
17	33	103.27
17	34	90.5
17	35	99.97
17	36	90.32
17	37	87.26
17	38	79.67
17	39	75.97
17	40	88.57
17	41	90.51
17	42	96.32
17	43	92.08
17	44	87.16
17	45	85.6
17	46	97.85
17	47	105.37
17	48	92.68
17	49	108.49
17	50	127.21
17	51	95.82
17	52	109.78
17	53	115.54
17	54	96.85
17	55	103.11
17	56	76.5
17	57	103.07
17	58	79.27
17	59	71.87
17	60	68.99
17	61	84.64
17	62	71.3
17	63	68.86
17	64	85.17
18	19	38.43
18	20	54.93
18	21	63.67
18	22	74.05
18	23	73.35
18	24	73.51
18	25	80.2
18	26	86.28
18	27	81.93
18	28	100.16
18	29	70.73
18	30	50.43
18	31	56.62
18	32	73.7
18	33	91.61
18	34	78.83
18	35	75.2
18	36	78.65
18	37	72.5
18	38	63.01
18	39	66.36
18	40	74.07
18	41	80.21
18	42	82.65
18	43	76.42
18	44	74.5
18	45	71.93
18	46	83.18
18	47	96.7
18	48	79.02
18	49	99.83
18	50	118.54
18	51	85.15
18	52	99.12
18	53	109.87
18	54	103.54
18	55	92.8
18	56	79.06
18	57	100.62
18	58	79.82
18	59	72.43
18	60	65.54
18	61	82.19
18	62	68.86
18	63	65.42
18	64	72.72
19	20	40.29
19	21	52.04
19	22	55.72
19	23	59.07
19	24	64.88
19	25	67.56
19	26	74.64
19	27	71.29
19	28	93.52
19	29	58.09
19	30	36.8
19	31	38.98
19	32	58.06
19	33	89.97
19	34	61.2
19	35	74.56
19	36	71.02
19	37	61.86
19	38	46.37
19	39	53.73
19	40	60.44
19	41	69.57
19	42	65.02
19	43	66.78
19	44	64.86
19	45	62.3
19	46	68.55
19	47	85.07
19	48	69.38
19	49	89.19
19	50	108.91
19	51	72.52
19	52	85.48
19	53	92.24
19	54	85.91
19	55	82.17
19	56	54.43
19	57	85.99
19	58	62.19
19	59	56.8
19	60	51.91
19	61	74.56
19	62	49.23
19	63	49.79
19	64	71.09
20	21	53.84
20	22	54.73
20	23	65.02
20	24	68.19
20	25	71.87
20	26	72.96
20	27	70.61
20	28	96.84
20	29	40.22
20	30	23.93
20	31	26.11
20	32	40.19
20	33	64.1
20	34	46.33
20	35	40.88
20	36	38.15
20	37	37.17
20	38	33.5
20	39	56.04
20	40	68.75
20	41	71.89
20	42	65.15
20	43	77.91
20	44	57.99
20	45	73.42
20	46	79.68
20	47	87.2
20	48	80.51
20	49	82.32
20	50	102.04
20	51	74.64
20	52	87.61
20	53	94.36
20	54	89.22
20	55	89.48
20	56	62.86
20	57	97.42
20	58	70.62
20	59	65.22
20	60	60.34
20	61	74.99
20	62	57.65
20	63	56.21
20	64	47.52
21	22	19.03
21	23	25.23
21	24	20.87
21	25	33.19
21	26	28.1
21	27	26.75
21	28	54.15
21	29	63.45
21	30	46.15
21	31	43.7
21	32	59.24
21	33	86.97
21	34	53.07
21	35	42.67
21	36	44.6
21	37	40.14
21	38	50.25
21	39	28.6
21	40	35.25
21	41	38.28
21	42	41.82
21	43	39.78
21	44	38.17
21	45	41.26
21	46	50.07
21	47	59.1
21	48	51.46
21	49	83.19
21	50	101.08
21	51	48.66
21	52	65.63
21	53	77.38
21	54	47.36
21	55	39.79
21	56	42.67
21	57	57.5
21	58	36.83
21	59	26.76
21	60	49.14
21	61	40.83
21	62	39.72
21	63	54.18
21	64	57.51
22	23	16.19
22	24	16.66
22	25	25.43
22	26	26.25
22	27	30.88
22	28	46.94
22	29	99.43
22	30	86.56
22	31	85.16
22	32	88.7
22	33	132.43
22	34	81.2
22	35	92.13
22	36	84.74
22	37	63.29
22	38	89.71
22	39	68.33
22	40	75.78
22	41	73.1
22	42	67.55
22	43	76.6
22	44	74.9
22	45	68.09
22	46	85.42
22	47	100.56
22	48	77.28
22	49	101.54
22	50	88.9
22	51	86.49
22	52	88.45
22	53	94.21
22	54	61.63
22	55	40.58
22	56	74.15
22	57	92.98
22	58	72.31
22	59	65.24
22	60	78.62
22	61	72.31
22	62	71.2
22	63	89.23
22	64	72.99
23	24	38.06
23	25	16.39
23	26	48.4
23	27	22.32
23	28	41.89
23	29	80.64
23	30	62.34
23	31	60.2
23	32	72.74
23	33	95.47
23	34	61.25
23	35	66.17
23	36	58.78
23	37	52.34
23	38	66.75
23	39	41.7
23	40	48.82
23	41	58.14
23	42	51.92
23	43	50.64
23	44	53.27
23	45	55.13
23	46	57.46
23	47	75.6
23	48	64.32
23	49	81.58
23	50	99.94
23	51	59.53
23	52	68.35
23	53	77.91
23	54	49.92
23	55	31.54
23	56	53.33
23	57	62.16
23	58	46.49
23	59	36.42
23	60	58.8
23	61	50.49
23	62	50.38
23	63	67.17
23	64	54.17
24	25	23.74
24	26	24.19
24	27	21.32
24	28	45.7
24	29	78.49
24	30	64.2
24	31	63.56
24	32	64.1
24	33	103.82
24	34	51.6
24	35	69.52
24	36	63.14
24	37	41.69
24	38	69.1
24	39	35.82
24	40	49.17
24	41	37.5
24	42	42.04
24	43	59.0
24	44	59.39
24	45	56.48
24	46	67.82
24	47	65.96
24	48	65.68
24	49	81.94
24	50	100.3
24	51	54.88
24	52	57.51
24	53	68.07
24	54	39.08
24	55	31.35
24	56	54.76
24	57	63.58
24	58	47.91
24	59	37.84
24	60	60.23
24	61	51.91
24	62	51.8
24	63	72.83
24	64	58.59
25	26	44.85
25	27	20.28
25	28	39.86
25	29	80.3
25	30	67.0
25	31	68.47
25	32	81.01
25	33	104.74
25	34	76.52
25	35	74.44
25	36	67.05
25	37	67.61
25	38	75.02
25	39	47.62
25	40	55.09
25	41	63.41
25	42	70.85
25	43	58.91
25	44	77.2
25	45	64.4
25	46	67.73
25	47	89.87
25	48	74.04
25	49	84.85
25	50	97.61
25	51	74.92
25	52	85.87
25	53	92.42
25	54	48.43
25	55	29.5
25	56	60.74
25	57	68.57
25	58	46.9
25	59	42.82
25	60	67.21
25	61	57.89
25	62	57.78
25	63	73.84
25	64	62.57
26	27	22.81
26	28	65.33
26	29	72.81
26	30	76.94
26	31	68.54
26	32	79.08
26	33	98.8
26	34	52.58
26	35	70.51
26	36	59.12
26	37	61.67
26	38	66.09
26	39	42.03
26	40	48.16
26	41	40.48
26	42	50.2
26	43	47.98
26	44	54.36
26	45	50.53
26	46	57.8
26	47	79.94
26	48	60.28
26	49	85.92
26	50	91.85
26	51	76.16
26	52	49.11
26	53	79.66
26	54	37.67
26	55	44.97
26	56	60.28
26	57	72.11
26	58	50.43
26	59	50.36
26	60	71.75
26	61	64.43
26	62	57.32
26	63	76.01
26	64	88.11
27	28	53.19
27	29	84.32
27	30	68.45
27	31	69.05
27	32	79.59
27	33	107.32
27	34	75.09
27	35	79.02
27	36	69.63
27	37	69.18
27	38	78.6
27	39	49.54
27	40	55.67
27	41	47.99
27	42	57.71
27	43	55.49
27	44	77.88
27	45	80.86
27	46	74.31
27	47	87.45
27	48	70.61
27	49	92.43
27	50	99.17
27	51	45.48
27	52	38.44
27	53	47.99
27	54	28.0
27	55	37.84
27	56	62.79
27	57	82.62
27	58	57.95
27	59	50.87
27	60	74.26
27	61	64.94
27	62	59.83
27	63	77.52
27	64	83.62
28	29	106.88
28	30	93.59
28	31	93.05
28	32	96.59
28	33	123.32
28	34	88.54
28	35	100.02
28	36	83.64
28	37	71.19
28	38	97.6
28	39	77.21
28	40	83.67
28	41	80.99
28	42	75.43
28	43	85.25
28	44	83.91
28	45	75.12
28	46	93.87
28	47	105.98
28	48	82.88
28	49	108.02
28	50	123.44
28	51	90.75
28	52	80.7
28	53	96.26
28	54	62.27
28	55	28.83
28	56	82.86
28	57	98.69
28	58	77.02
28	59	70.95
28	60	87.33
28	61	81.02
28	62	79.91
28	63	97.54
28	64	101.7
29	30	31.36
29	31	27.44
29	32	34.2
29	33	80.44
29	34	56.27
29	35	46.58
29	36	42.07
29	37	42.7
29	38	43.35
29	39	69.87
29	40	67.67
29	41	76.64
29	42	56.07
29	43	78.84
29	44	50.92
29	45	58.35
29	46	59.6
29	47	67.12
29	48	67.44
29	49	83.25
29	50	101.96
29	51	74.57
29	52	88.54
29	53	95.29
29	54	102.5
29	55	94.97
29	56	74.29
29	57	106.85
29	58	79.05
29	59	76.66
29	60	72.77
29	61	87.42
29	62	69.09
29	63	65.65
29	64	70.95
30	31	16.27
30	32	31.35
30	33	54.27
30	34	36.49
30	35	32.81
30	36	28.31
30	37	28.94
30	38	23.66
30	39	58.1
30	40	66.91
30	41	75.87
30	42	61.31
30	43	60.07
30	44	46.15
30	45	73.59
30	46	54.84
30	47	62.36
30	48	62.68
30	49	77.48
30	50	97.2
30	51	73.81
30	52	87.77
30	53	94.53
30	54	85.73
30	55	91.61
30	56	57.93
30	57	87.49
30	58	70.69
30	59	59.3
30	60	54.41
30	61	74.06
30	62	52.73
30	63	52.29
30	64	57.59
31	32	19.1
31	33	48.17
31	34	25.52
31	35	28.9
31	36	24.4
31	37	26.03
31	38	13.57
31	39	46.19
31	40	42.0
31	41	52.96
31	42	36.4
31	43	61.16
31	44	38.24
31	45	39.67
31	46	46.93
31	47	55.45
31	48	48.76
31	49	73.57
31	50	93.29
31	51	52.89
31	52	68.86
31	53	69.61
31	54	88.82
31	55	93.54
31	56	61.37
31	57	89.94
31	58	73.13
31	59	64.74
31	60	57.85
31	61	78.5
31	62	56.17
31	63	53.73
31	64	60.03
32	33	50.04
32	34	40.4
32	35	41.84
32	36	37.34
32	37	42.97
32	38	16.45
32	39	57.14
32	40	61.93
32	41	70.48
32	42	55.35
32	43	63.68
32	44	60.65
32	45	58.09
32	46	64.34
32	47	58.93
32	48	65.18
32	49	84.99
32	50	64.7
32	51	62.42
32	52	85.38
32	53	80.14
32	54	95.34
32	55	91.48
32	56	77.02
32	57	97.59
32	58	77.79
32	59	73.39
32	60	70.51
32	61	83.16
32	62	66.82
32	63	59.38
32	64	78.69
33	34	64.12
33	35	73.66
33	36	69.86
33	37	74.79
33	38	49.97
33	39	94.87
33	40	86.66
33	41	95.21
33	42	83.07
33	43	104.41
33	44	75.38
33	45	84.81
33	46	79.07
33	47	94.65
33	48	94.9
33	49	108.33
33	50	129.43
33	51	93.14
33	52	110.1
33	53	111.86
33	54	137.06
33	55	119.74
33	56	111.94
33	57	114.86
33	58	106.19
33	59	105.12
33	60	105.43
33	61	111.19
33	62	108.74
33	63	104.3
33	64	98.87
34	35	40.54
34	36	36.55
34	37	26.67
34	38	20.56
34	39	39.56
34	40	53.35
34	41	58.9
34	42	46.76
34	43	48.09
34	44	21.07
34	45	41.5
34	46	42.75
34	47	48.34
34	48	49.59
34	49	65.4
34	50	84.11
34	51	45.83
34	52	61.79
34	53	61.55
34	54	92.75
34	55	78.42
34	56	65.24
34	57	70.55
34	58	70.88
34	59	56.81
34	60	70.73
34	61	69.88
34	62	62.04
34	63	76.6
34	64	75.56
35	36	26.85
35	37	27.49
35	38	37.58
35	39	44.35
35	40	43.07
35	41	54.5
35	42	37.85
35	43	60.61
35	44	35.16
35	45	40.39
35	46	44.84
35	47	53.36
35	48	49.68
35	49	66.49
35	50	86.2
35	51	56.35
35	52	77.31
35	53	77.07
35	54	85.27
35	55	90.0
35	56	72.36
35	57	73.1
35	58	70.43
35	59	62.36
35	60	77.85
35	61	75.43
35	62	72.16
35	63	82.72
35	64	74.11
36	37	24.7
36	38	30.11
36	39	42.83
36	40	41.57
36	41	52.89
36	42	36.04
36	43	59.09
36	44	31.34
36	45	38.5
36	46	37.75
36	47	54.28
36	48	46.58
36	49	56.39
36	50	71.11
36	51	54.82
36	52	75.79
36	53	75.54
36	54	87.74
36	55	94.42
36	56	75.7
36	57	69.83
36	58	64.16
36	59	57.08
36	60	81.19
36	61	71.15
36	62	72.5
36	63	80.06
36	64	81.83
37	38	31.9
37	39	30.66
37	40	27.63
37	41	37.07
37	42	22.43
37	43	30.6
37	44	26.28
37	45	25.1
37	46	32.43
37	47	45.85
37	48	34.13
37	49	52.97
37	50	64.75
37	51	35.34
37	52	58.3
37	53	53.06
37	54	71.26
37	55	71.96
37	56	54.83
37	57	56.66
37	58	47.99
37	59	43.91
37	60	61.3
37	61	58.98
37	62	51.88
37	63	69.53
37	64	48.66
38	39	47.1
38	40	49.59
38	41	58.14
38	42	42.3
38	43	60.34
38	44	36.31
38	45	54.74
38	46	52.0
38	47	59.52
38	48	59.83
38	49	74.64
38	50	94.36
38	51	56.07
38	52	70.03
38	53	76.79
38	54	91.99
38	55	106.44
38	56	69.65
38	57	77.54
38	58	80.87
38	59	71.8
38	60	68.14
38	61	83.79
38	62	64.45
38	63	68.01
38	64	72.55
39	40	26.75
39	41	25.9
39	42	22.32
39	43	19.4
39	44	25.67
39	45	21.77
39	46	28.57
39	47	45.16
39	48	31.08
39	49	47.69
39	50	67.7
39	51	35.28
39	52	57.25
39	53	56.0
39	54	80.27
39	55	55.2
39	56	52.24
39	57	48.07
39	58	45.4
39	59	35.32
39	60	58.71
39	61	50.39
39	62	49.28
39	63	68.56
39	64	62.07
40	41	22.55
40	42	16.05
40	43	17.39
40	44	26.39
40	45	20.78
40	46	29.11
40	47	45.71
40	48	30.81
40	49	48.24
40	50	67.43
40	51	35.02
40	52	55.99
40	53	55.74
40	54	62.94
40	55	67.38
40	56	63.53
40	57	58.36
40	58	55.69
40	59	44.61
40	60	69.0
40	61	59.68
40	62	60.58
40	63	72.1
40	64	64.37
41	42	42.47
41	43	44.81
41	44	53.23
41	45	41.17
41	46	48.19
41	47	68.79
41	48	50.79
41	49	69.31
41	50	85.41
41	51	58.0
41	52	73.96
41	53	74.72
41	54	74.92
41	55	88.63
41	56	78.3
41	57	80.13
41	58	76.46
41	59	69.39
41	60	77.77
41	61	81.46
41	62	75.35
41	63	81.63
41	64	75.14
42	43	23.11
42	44	19.61
42	45	30.72
42	46	27.51
42	47	37.11
42	48	40.34
42	49	40.64
42	50	59.97
42	51	28.55
42	52	50.52
42	53	49.27
42	54	71.48
42	55	69.41
42	56	65.26
42	57	60.09
42	58	57.42
42	59	46.35
42	60	71.73
42	61	61.42
42	62	62.31
42	63	80.57
42	64	67.1
43	44	47.45
43	45	20.11
43	46	29.41
43	47	67.01
43	48	20.73
43	49	40.54
43	50	52.35
43	51	22.93
43	52	43.9
43	53	43.65
43	54	84.86
43	55	71.53
43	56	65.98
43	57	62.81
43	58	58.14
43	59	63.06
43	60	72.45
43	61	64.13
43	62	63.03
43	63	75.35
43	64	67.82
44	45	37.73
44	46	21.65
44	47	31.5
44	48	46.97
44	49	35.77
44	50	28.49
44	51	35.92
44	52	62.89
44	53	56.64
44	54	85.84
44	55	71.52
44	56	66.61
44	57	79.44
44	58	58.77
44	59	63.7
44	60	74.13
44	61	64.77
44	62	64.44
44	63	74.0
44	64	67.45
45	46	17.4
45	47	40.99
45	48	12.56
45	49	31.52
45	50	43.97
45	51	24.56
45	52	41.52
45	53	41.28
45	54	56.48
45	55	78.15
45	56	66.71
45	57	66.54
45	58	63.87
45	59	53.8
45	60	76.57
45	61	72.87
45	62	66.88
45	63	85.44
45	64	79.55
46	47	20.59
46	48	21.31
46	49	25.12
46	50	46.84
46	51	45.09
46	52	58.05
46	53	58.81
46	54	86.01
46	55	80.68
46	56	79.45
46	57	70.17
46	58	67.5
46	59	57.42
46	60	77.93
46	61	21.5
46	62	76.25
46	63	86.8
46	64	76.18
47	48	38.47
47	49	22.77
47	50	44.07
47	51	64.04
47	52	66.01
47	53	67.76
47	54	93.97
47	55	94.64
47	56	88.24
47	57	82.96
47	58	79.29
47	59	69.21
47	60	86.72
47	61	85.28
47	62	85.03
47	63	85.59
47	64	78.97
48	49	27.16
48	50	28.53
48	51	29.94
48	52	47.9
48	53	49.66
48	54	69.86
48	55	73.53
48	56	78.48
48	57	76.42
48	58	64.75
48	59	57.67
48	60	77.96
48	61	78.74
48	62	75.28
48	63	83.84
48	64	80.43
49	50	24.26
49	51	58.12
49	52	74.29
49	53	74.04
49	54	104.25
49	55	92.92
49	56	95.37
49	57	97.09
49	58	93.42
49	59	82.35
49	60	94.85
49	61	98.42
49	62	92.17
49	63	100.73
49	64	92.1
50	51	69.96
50	52	88.79
50	53	82.55
50	54	97.75
50	55	111.43
50	56	114.04
50	57	106.81
50	58	103.13
50	59	103.38
50	60	112.52
50	61	109.13
50	62	110.83
50	63	112.39
50	64	104.81
51	52	25.86
51	53	27.61
51	54	45.82
51	55	89.49
51	56	81.23
51	57	83.06
51	58	79.39
51	59	73.31
51	60	80.7
51	61	85.38
51	62	79.28
51	63	82.73
51	64	75.06
52	53	18.04
52	54	29.66
52	55	71.6
52	56	95.58
52	57	96.09
52	58	87.73
52	59	81.66
52	60	100.05
52	61	98.73
52	62	92.62
52	63	108.08
52	64	112.1
53	54	70.94
53	55	103.61
53	56	102.62
53	57	103.44
53	58	99.77
53	59	93.7
53	60	107.09
53	61	105.77
53	62	97.66
53	63	109.12
53	64	113.45
54	55	51.28
54	56	73.61
54	57	75.44
54	58	65.77
54	59	60.69
54	60	99.08
54	61	77.76
54	62	70.66
54	63	89.34
54	64	92.45
55	56	68.89
55	57	70.72
55	58	67.04
55	59	59.97
55	60	76.36
55	61	73.04
55	62	65.93
55	63	82.99
55	64	87.72
56	57	18.0
56	58	35.56
56	59	19.45
56	60	22.28
56	61	21.95
56	62	4.2
56	63	24.15
56	64	26.59
57	58	32.39
57	59	21.7
57	60	33.68
57	61	15.23
57	62	18.91
57	63	36.88
57	64	34.79
58	59	13.03
58	60	37.77
58	61	18.84
58	62	27.77
58	63	50.68
58	64	45.03
59	60	19.25
59	61	24.69
59	62	14.88
59	63	33.78
59	64	40.7
60	61	33.25
60	62	21.25
60	63	38.05
60	64	42.68
61	62	22.17
61	63	37.09
61	64	38.84
62	63	20.95
62	64	24.41
63	64	21.73
