0	1	12.01
0	2	17.75
0	3	21.94
0	4	20.53
0	5	19.17
0	6	21.07
0	7	28.83
0	8	33.42
0	9	41.68
0	10	44.82
0	11	33.86
0	12	30.75
0	13	46.94
0	14	59.3
0	15	51.26
0	16	71.01
0	17	56.18
0	18	42.52
0	19	42.88
0	20	23.41
0	21	21.44
0	22	27.64
0	23	33.72
0	24	35.6
0	25	43.49
0	26	46.14
0	27	66.56
0	28	55.68
0	29	39.38
0	30	40.44
0	31	53.98
0	32	85.92
0	33	37.69
0	34	41.41
0	35	39.23
0	36	26.77
0	37	53.99
0	38	21.71
0	39	31.36
0	40	40.39
0	41	31.93
0	42	34.89
0	43	35.28
0	44	39.37
0	45	45.18
0	46	54.05
0	47	43.57
0	48	63.3
0	49	82.19
0	50	43.77
0	51	62.74
0	52	65.49
0	53	62.75
0	54	52.21
0	55	38.57
0	56	50.4
0	57	29.73
0	58	28.66
0	59	43.04
0	60	37.73
0	61	35.62
0	62	45.08
0	63	35.41
1	2	16.09
1	3	23.85
1	4	13.44
1	5	14.2
1	6	18.62
1	7	24.83
1	8	26.66
1	9	45.71
1	10	42.65
1	11	28.31
1	12	38.66
1	13	47.84
1	14	58.21
1	15	45.17
1	16	68.92
1	17	48.24
1	18	35.83
1	19	37.97
1	20	11.36
1	21	24.12
1	22	30.38
1	23	32.23
1	24	48.62
1	25	47.07
1	26	37.72
1	27	65.51
1	28	52.27
1	29	35.97
1	30	37.68
1	31	51.21
1	32	75.29
1	33	34.16
1	34	38.64
1	35	38.11
1	36	24.64
1	37	49.22
1	38	20.56
1	39	31.16
1	40	39.97
1	41	30.06
1	42	34.68
1	43	34.36
1	44	39.18
1	45	45.49
1	46	53.01
1	47	44.21
1	48	63.13
1	49	80.83
1	50	41.41
1	51	66.38
1	52	64.13
1	53	63.34
1	54	50.15
1	55	42.33
1	56	53.89
1	57	33.22
1	58	28.64
1	59	45.8
1	60	37.21
1	61	41.43
1	62	48.99
1	63	37.89
2	3	29.825
2	4	26.53
2	5	21.55
2	6	22.7
2	7	31.91
2	8	36.74
2	9	34.24
2	10	66.385
2	11	38.4
2	12	51.23
2	13	59.97
2	14	69.33
2	15	56.25
2	16	79
2	17	60.33
2	18	49.72
2	19	45.07
2	20	18.58
2	21	15.03
2	22	30.28
2	23	25.46
2	24	36.52
2	25	34.67
2	26	32.32
2	27	58.71
2	28	60.87
2	29	44.57
2	30	44.69
2	31	60.23
2	32	82.19
2	33	39.96
2	34	42.66
2	35	43.5
2	36	33.03
2	37	51.24
2	38	24.18
2	39	32.83
2	40	41.85
2	41	40.4
2	42	36.35
2	43	36.75
2	44	36.84
2	45	43.65
2	46	57.32
2	47	46.03
2	48	65.43
2	49	83.65
2	50	47.24
2	51	64.2
2	52	65.96
2	53	51.94
2	54	44.35
2	55	31.13
2	56	45.96
2	57	25.29
2	58	19.22
2	59	31.6
2	60	32.29
2	61	29.18
2	62	48.24
2	63	50.97
3	4	20.3
3	5	35.19
3	6	32.75
3	7	25.12
3	8	20.16
3	9	20.95
3	10	35.89
3	11	17.32
3	12	27.13
3	13	37.08
3	14	47.44
3	15	47.64
3	16	55.39
3	17	48.97
3	18	37.29
3	19	31.51
3	20	31.06
3	21	29.82
3	22	37.17
3	23	43.98
3	24	45.57
3	25	59.75
3	26	51.4
3	27	80.63
3	28	44.27
3	29	27.98
3	30	31.16
3	31	49.24
3	32	66.77
3	33	49.64
3	34	47.13
3	35	45.7
3	36	43.43
3	37	37.71
3	38	42.91
3	39	69.51
3	40	69.68
3	41	51.67
3	42	58.7
3	43	52.96
3	44	54.2
3	45	61.97
3	46	64.49
3	47	54.81
3	48	67.62
3	49	86.33
3	50	54.44
3	51	65.4
3	52	75.16
3	53	66.01
3	54	59.27
3	55	34.86
3	56	70.775
3	57	56.09
3	58	38.79
3	59	34.34
3	60	50.99
3	61	29.66
3	62	35.22
3	63	28.77
4	5	27.28
4	6	18.84
4	7	17.21
4	8	20.23
4	9	31.27
4	10	44.21
4	11	22.32
4	12	36.22
4	13	46.4
4	14	60.775
4	15	42.73
4	16	64.48
4	17	49.06
4	18	33.39
4	19	31.52
4	20	30.99
4	21	39.75
4	22	50.1
4	23	54.07
4	24	57.5
4	25	59.84
4	26	50.49
4	27	81.72
4	28	50.28
4	29	32.99
4	30	35.17
4	31	49.25
4	32	66.87
4	33	60.73
4	34	50.22
4	35	53.79
4	36	56.52
4	37	42.8
4	38	41.84
4	39	65.44
4	40	60.77
4	41	58.76
4	42	72.79
4	43	52.05
4	44	56.29
4	45	59.07
4	46	80.59
4	47	64.9
4	48	81.71
4	49	91.43
4	50	61.53
4	51	93.49
4	52	89.25
4	53	79.1
4	54	69.36
4	55	47.19
4	56	74.7
4	57	68.03
4	58	50.72
4	59	47.68
4	60	60.33
4	61	41.99
4	62	47.55
4	63	46.71
5	6	13.63
5	7	28.32
5	8	34.15
5	9	54.21
5	10	62.15
5	11	41.81
5	12	54.15
5	13	56.34
5	14	80.7
5	15	53.66
5	16	79.41
5	17	57.83
5	18	52.08
5	19	50
5	20	24.52
5	21	34.41
5	22	39.34
5	23	37.51
5	24	55.19
5	25	33.27
5	26	39.92
5	27	78.15
5	28	51.76
5	29	41.47
5	30	34.81
5	31	48.35
5	32	68.82
5	33	30.6
5	34	40.78
5	35	33.14
5	36	19.67
5	37	43.36
5	38	16.59
5	39	24.19
5	40	33.99
5	41	28.09
5	42	27.71
5	43	29.38
5	44	27.2
5	45	35.53
5	46	47.96
5	47	37.23
5	48	55.07
5	49	66.85
5	50	86.44
5	51	72.41
5	52	103.16
5	53	53.53
5	54	57.79
5	55	48.51
5	56	74.34
5	57	43.67
5	58	34.6
5	59	59.98
5	60	50.67
5	61	42.56
5	62	64.07
5	63	63.35
6	7	11.09
6	8	14.92
6	9	41.56
6	10	54.5
6	11	25.57
6	12	50.5
6	13	51.69
6	14	65.05
6	15	47
6	16	73.75
6	17	50.59
6	18	44.84
6	19	41.77
6	20	30.88
6	21	34.77
6	22	40.06
6	23	44.23
6	24	47.91
6	25	53.99
6	26	51.65
6	27	74.88
6	28	51.68
6	29	34.81
6	30	29.41
6	31	42.95
6	32	84.02
6	33	45.89
6	34	25.38
6	35	28.95
6	36	25.68
6	37	37.96
6	38	28.605
6	39	48.6
6	40	45.93
6	41	39.92
6	42	54.95
6	43	43.21
6	44	50.45
6	45	52.22
6	46	61.74
6	47	61.06
6	48	75.87
6	49	96.58
6	50	50.68
6	51	71.65
6	52	71.4
6	53	78.26
6	54	62.52
6	55	51.48
6	56	70.77
6	57	49.1
6	58	34.03
6	59	54.96
6	60	56.1
6	61	54.28
6	62	56.84
6	63	58.78
7	8	13.97
7	9	36.51
7	10	56.45
7	11	24.62
7	12	42.45
7	13	56.64
7	14	62
7	15	45.96
7	16	70.71
7	17	49.88
7	18	41.26
7	19	23.61
7	20	36.06
7	21	41.79
7	22	47.08
7	23	50.25
7	24	54.93
7	25	58.01
7	26	56.66
7	27	81.89
7	28	50.58
7	29	33.29
7	30	40.47
7	31	59.55
7	32	70.04
7	33	56.91
7	34	38.4
7	35	41.96
7	36	38.69
7	37	47.98
7	38	43.62
7	39	51.62
7	40	60.94
7	41	49.93
7	42	48.97
7	43	52.22
7	44	55.46
7	45	59.24
7	46	74.76
7	47	65.08
7	48	81.88
7	49	92.6
7	50	59.7
7	51	73.67
7	52	79.42
7	53	85.28
7	54	69.54
7	55	62.43
7	56	76.94
7	57	56.19
7	58	40.79
7	59	49.91
7	60	61.56
7	61	48.22
7	62	61.78
7	63	55.94
8	9	27.7
8	10	42.64
8	11	14.15
8	12	34.67
8	13	39.83
8	14	55.19
8	15	36.18
8	16	63.93
8	17	40.82
8	18	26.42
8	19	26.35
8	20	37.82
8	21	44.71
8	22	51.94
8	23	54.06
8	24	60.75
8	25	60.83
8	26	56.48
8	27	84.71
8	28	40.11
8	29	22.81
8	30	25.99
8	31	40.07
8	32	55.99
8	33	45.21
8	34	43.21
8	35	41.03
8	36	39.51
8	37	32.38
8	38	47.43
8	39	55.44
8	40	63.76
8	41	54.75
8	42	62.78
8	43	61.87
8	44	59.31
8	45	61.56
8	46	80.08
8	47	67.4
8	48	85.2
8	49	103.92
8	50	65.52
8	51	79.48
8	52	79.24
8	53	79.09
8	54	72.35
8	55	41.62
8	56	79.18
8	57	59.38
8	58	46.98
8	59	42.1
8	60	64.75
8	61	36.41
8	62	41.97
8	63	37.28
9	10	31.99
9	11	28.2
9	12	27.44
9	13	31.17
9	14	60.54
9	15	50.61
9	16	68.36
9	17	55.94
9	18	40.96
9	19	47.4
9	20	53.91
9	21	52.29
9	22	55.64
9	23	65.9
9	24	64.04
9	25	80.35
9	26	70
9	27	70.54
9	28	60.16
9	29	43.87
9	30	48.05
9	31	70.13
9	32	103.04
9	33	67.26
9	34	76.73
9	35	76.09
9	36	74.03
9	37	55.44
9	38	68
9	39	76.23
9	40	77.68
9	41	74.09
9	42	78.85
9	43	75.93
9	44	73.36
9	45	80.61
9	46	98.13
9	47	80.45
9	48	70.26
9	49	110.97
9	50	79.58
9	51	100.55
9	52	94.3
9	53	77.61
9	54	62.19
9	55	32.26
9	56	68.24
9	57	54.56
9	58	36.26
9	59	31.74
9	60	48.56
9	61	27.06
9	62	30.62
9	63	82.24
10	11	33.06
10	12	31.49
10	13	35.21
10	14	63.57
10	15	53.49
10	16	71.24
10	17	59.82
10	18	44.57
10	19	52.62
10	20	50.98
10	21	51.35
10	22	58.7
10	23	65.965
10	24	67.1
10	25	70.56
10	26	68.21
10	27	93.61
10	28	66.38
10	29	49.08
10	30	51.26
10	31	65.34
10	32	98.26
10	33	69.48
10	34	78.95
10	35	75.3
10	36	69.24
10	37	61.65
10	38	65.06
10	39	73.29
10	40	73.5
10	41	70.3
10	42	75.06
10	43	73.14
10	44	70.58
10	45	76.83
10	46	90.35
10	47	77.67
10	48	98.47
10	49	117.19
10	50	77.8
10	51	95.76
10	52	97.52
10	53	87.83
10	54	82.25
10	55	61.94
10	56	85.3
10	57	61.63
10	58	53.32
10	59	48.43
10	60	74.08
10	61	56.74
10	62	46.3
10	63	73.31
11	12	19.91
11	13	43.27
11	14	59.71
11	15	34.42
11	16	46.17
11	17	40.02
11	18	18.31
11	19	22.55
11	20	52.13
11	21	53.64
11	22	56.99
11	23	66.73
11	24	65.42
11	25	78.5
11	26	70.15
11	27	95.38
11	28	40.31
11	29	19.02
11	30	25.2
11	31	39.28
11	32	77.19
11	33	46.41
11	34	35.88
11	35	33.24
11	36	32.18
11	37	33.59
11	38	53.1
11	39	64.11
11	40	68.43
11	41	60.23
11	42	62
11	43	59.08
11	44	56.51
11	45	63.76
11	46	84.28
11	47	64.6
11	48	84.41
11	49	103.12
11	50	71.73
11	51	87.7
11	52	90.45
11	53	89.76
11	54	74.02
11	55	45.34
11	56	82.91
11	57	66.1
11	58	53.71
11	59	44.82
11	60	61.47
11	61	40.14
11	62	41.7
11	63	54.01
12	13	20.15
12	14	41.44
12	15	22.13
12	16	38.88
12	17	32.46
12	18	23.72
12	19	53.8
12	20	46.28
12	21	49.23
12	22	56.58
12	23	63.99
12	24	64.98
12	25	66.75
12	26	64.4
12	27	91.63
12	28	69.56
12	29	50.27
12	30	44.45
12	31	60.53
12	32	91.44
12	33	69.67
12	34	74.14
12	35	73.49
12	36	64.43
12	37	51.84
12	38	64.14
12	39	69.74
12	40	74.68
12	41	67.49
12	42	68.25
12	43	73.33
12	44	70.77
12	45	78.02
12	46	87.54
12	47	77.85
12	48	98.66
12	49	117.38
12	50	76.98
12	51	92.95
12	52	91.71
12	53	85.02
12	54	80.28
12	55	52.67
12	56	84.18
12	57	59.43
12	58	52.04
12	59	47.15
12	60	71.8
12	61	47.47
12	62	44.03
12	63	69.34
13	14	32.24
13	15	22.3
13	16	42.66
13	17	45.36
13	18	40.73
13	19	46.82
13	20	62.3
13	21	58.97
13	22	73.32
13	23	72
13	24	71.72
13	25	78.76
13	26	70.42
13	27	108.23
13	28	61.58
13	29	43.28
13	30	45.46
13	31	70.54
13	32	83.46
13	33	60.68
13	34	81.15
13	35	82.5
13	36	64.45
13	37	69.85
13	38	67.15
13	39	73.75
13	40	81.7
13	41	81.5
13	42	78.26
13	43	83.34
13	44	80.78
13	45	87.03
13	46	97.55
13	47	87.87
13	48	100.67
13	49	118.39
13	50	86
13	51	99.96
13	52	91.72
13	53	96.03
13	54	96.87
13	55	53.11
13	56	85.92
13	57	70.885
13	58	53.48
13	59	48.6
13	60	66.25
13	61	47.91
13	62	52.47
13	63	62.92
14	15	39.35
14	16	24.6
14	17	76.27
14	18	71.12
14	19	68.17
14	20	68.52
14	21	75.34
14	22	81.69
14	23	86.35
14	24	88.1
14	25	90.11
14	26	83.76
14	27	112.6
14	28	88.93
14	29	63.63
14	30	66.81
14	31	77.89
14	32	110.81
14	33	88.03
14	34	83.5
14	35	84.85
14	36	85.79
14	37	77.2
14	38	77.37
14	39	83.97
14	40	94.05
14	41	86.85
14	42	81.61
14	43	85.69
14	44	87.13
14	45	93.38
14	46	99.9
14	47	94.22
14	48	103.02
14	49	121.74
14	50	94.35
14	51	112.31
14	52	113.07
14	53	106.38
14	54	105.25
14	55	74.49
14	56	101.29
14	57	86.26
14	58	69.86
14	59	64.98
14	60	87.63
14	61	69.29
14	62	65.85
14	63	94.3
15	16	31.48
15	17	23.65
15	18	45.87
15	19	52.93
15	20	65.41
15	21	61.09
15	22	70.44
15	23	74.12
15	24	82.85
15	25	84.88
15	26	81.53
15	27	102.76
15	28	67.69
15	29	49.4
15	30	51.58
15	31	77.66
15	32	89.57
15	33	66.79
15	34	82.26
15	35	79.62
15	36	70.56
15	37	56.97
15	38	68.26
15	39	76.87
15	40	83.81
15	41	74.62
15	42	79.38
15	43	77.46
15	44	80.89
15	45	87.15
15	46	94.67
15	47	87.98
15	48	97.79
15	49	116.51
15	50	84.11
15	51	99.08
15	52	97.83
15	53	106.14
15	54	91.4
15	55	59.8
15	56	93.37
15	57	80.56
15	58	64.17
15	59	58.28
15	60	73.93
15	61	52.6
15	62	56.16
15	63	73.46
16	17	42.35
16	18	59.57
16	19	77.64
16	20	74.11
16	21	69.8
16	22	78.15
16	23	81.82
16	24	85.55
16	25	94.58
16	26	90.23
16	27	115.46
16	28	89.39
16	29	73.1
16	30	74.28
16	31	92.36
16	32	103.27
16	33	90.5
16	34	99.97
16	35	90.32
16	36	87.26
16	37	79.67
16	38	75.97
16	39	88.57
16	40	90.51
16	41	96.32
16	42	92.08
16	43	87.16
16	44	85.6
16	45	97.85
16	46	105.37
16	47	92.68
16	48	108.49
16	49	127.21
16	50	95.82
16	51	109.78
16	52	115.54
16	53	96.85
16	54	103.11
16	55	76.5
16	56	103.07
16	57	79.27
16	58	71.87
16	59	68.99
16	60	84.64
16	61	71.3
16	62	68.86
16	63	85.17
17	18	38.43
17	19	54.93
17	20	63.67
17	21	74.05
17	22	73.35
17	23	73.51
17	24	80.2
17	25	86.28
17	26	81.93
17	27	100.16
17	28	70.73
17	29	50.43
17	30	56.62
17	31	73.7
17	32	91.61
17	33	78.83
17	34	75.2
17	35	78.65
17	36	72.5
17	37	63.01
17	38	66.36
17	39	74.07
17	40	80.21
17	41	82.65
17	42	76.42
17	43	74.5
17	44	71.93
17	45	83.18
17	46	96.7
17	47	79.02
17	48	99.83
17	49	118.54
17	50	85.15
17	51	99.12
17	52	109.87
17	53	103.54
17	54	92.8
17	55	79.06
17	56	100.62
17	57	79.82
17	58	72.43
17	59	65.54
17	60	82.19
17	61	68.86
17	62	65.42
17	63	72.72
18	19	40.29
18	20	52.04
18	21	55.72
18	22	59.07
18	23	64.88
18	24	67.56
18	25	74.64
18	26	71.29
18	27	93.52
18	28	58.09
18	29	36.8
18	30	38.98
18	31	58.06
18	32	89.97
18	33	61.2
18	34	74.565
18	35	71.02
18	36	61.86
18	37	46.37
18	38	53.73
18	39	60.44
18	40	69.57
18	41	65.02
18	42	66.78
18	43	64.86
18	44	62.3
18	45	68.55
18	46	85.07
18	47	69.38
18	48	89.19
18	49	108.91
18	50	72.52
18	51	85.48
18	52	92.24
18	53	85.91
18	54	82.17
18	55	54.43
18	56	85.99
18	57	62.19
18	58	56.8
18	59	51.91
18	60	74.56
18	61	49.23
18	62	49.79
18	63	71.09
19	20	53.84
19	21	54.73
19	22	65.02
19	23	68.19
19	24	71.87
19	25	72.96
19	26	70.615
19	27	96.84
19	28	40.22
19	29	23.93
19	30	26.11
19	31	40.19
19	32	64.1
19	33	46.33
19	34	40.88
19	35	38.15
19	36	37.17
19	37	33.5
19	38	56.04
19	39	68.75
19	40	71.89
19	41	65.15
19	42	77.91
19	43	57.99
19	44	73.42
19	45	79.68
19	46	87.2
19	47	80.51
19	48	82.32
19	49	102.04
19	50	74.64
19	51	87.61
19	52	94.36
19	53	89.22
19	54	89.48
19	55	62.86
19	56	97.42
19	57	70.62
19	58	65.22
19	59	60.34
19	60	74.99
19	61	57.65
19	62	56.21
19	63	47.52
20	21	19.03
20	22	25.23
20	23	20.87
20	24	33.19
20	25	28.1
20	26	26.75
20	27	54.15
20	28	63.45
20	29	46.155
20	30	43.7
20	31	59.24
20	32	86.97
20	33	53.07
20	34	42.675
20	35	44.6
20	36	40.14
20	37	50.25
20	38	28.6
20	39	35.25
20	40	38.28
20	41	41.82
20	42	39.78
20	43	38.17
20	44	41.26
20	45	50.07
20	46	59.1
20	47	51.46
20	48	83.19
20	49	101.08
20	50	48.66
20	51	65.63
20	52	77.38
20	53	47.36
20	54	39.79
20	55	42.67
20	56	57.5
20	57	36.83
20	58	26.76
20	59	49.14
20	60	40.83
20	61	39.72
20	62	54.18
20	63	57.51
21	22	16.19
21	23	16.66
21	24	25.43
21	25	26.25
21	26	30.88
21	27	46.94
21	28	99.43
21	29	86.56
21	30	85.16
21	31	88.7
21	32	132.43
21	33	81.2
21	34	92.13
21	35	84.74
21	36	63.29
21	37	89.71
21	38	68.33
21	39	75.78
21	40	73.1
21	41	67.55
21	42	76.6
21	43	74.9
21	44	68.09
21	45	85.42
21	46	100.56
21	47	77.28
21	48	101.54
21	49	88.9
21	50	86.49
21	51	88.45
21	52	94.21
21	53	61.63
21	54	40.58
21	55	74.15
21	56	92.98
21	57	72.315
21	58	65.24
21	59	78.62
21	60	72.31
21	61	71.2
21	62	89.23
21	63	72.99
22	23	38.06
22	24	16.39
22	25	48.4
22	26	22.32
22	27	41.89
22	28	80.64
22	29	62.34
22	30	60.2
22	31	72.74
22	32	95.47
22	33	61.25
22	34	66.17
22	35	58.78
22	36	52.34
22	37	66.75
22	38	41.7
22	39	48.82
22	40	58.145
22	41	51.92
22	42	50.64
22	43	53.27
22	44	55.13
22	45	57.46
22	46	75.6
22	47	64.32
22	48	81.58
22	49	99.94
22	50	59.53
22	51	68.35
22	52	77.91
22	53	49.92
22	54	31.54
22	55	53.33
22	56	62.16
22	57	46.49
22	58	36.42
22	59	58.8
22	60	50.49
22	61	50.38
22	62	67.17
22	63	54.17
23	24	23.74
23	25	24.19
23	26	21.32
23	27	45.7
23	28	78.49
23	29	64.2
23	30	63.56
23	31	64.1
23	32	103.82
23	33	51.6
23	34	69.52
23	35	63.14
23	36	41.69
23	37	69.1
23	38	35.82
23	39	49.17
23	40	37.5
23	41	42.04
23	42	59
23	43	59.39
23	44	56.485
23	45	67.82
23	46	65.96
23	47	65.68
23	48	81.94
23	49	100.3
23	50	54.88
23	51	57.51
23	52	68.07
23	53	39.08
23	54	31.35
23	55	54.76
23	56	63.58
23	57	47.91
23	58	37.84
23	59	60.23
23	60	51.91
23	61	51.8
23	62	72.83
23	63	58.59
24	25	44.85
24	26	20.28
24	27	39.86
24	28	80.3
24	29	67
24	30	68.47
24	31	81.01
24	32	104.74
24	33	76.52
24	34	74.44
24	35	67.05
24	36	67.61
24	37	75.02
24	38	47.62
24	39	55.09
24	40	63.41
24	41	70.85
24	42	58.91
24	43	77.2
24	44	64.4
24	45	67.73
24	46	89.87
24	47	74.04
24	48	84.85
24	49	97.61
24	50	74.92
24	51	85.87
24	52	92.42
24	53	48.43
24	54	29.5
24	55	60.74
24	56	68.57
24	57	46.9
24	58	42.82
24	59	67.21
24	60	57.89
24	61	57.78
24	62	73.84
24	63	62.57
25	26	22.81
25	27	65.33
25	28	72.81
25	29	76.94
25	30	68.54
25	31	79.08
25	32	98.8
25	33	52.58
25	34	70.51
25	35	59.12
25	36	61.67
25	37	66.09
25	38	42.03
25	39	48.16
25	40	40.48
25	41	50.2
25	42	47.98
25	43	54.36
25	44	50.53
25	45	57.8
25	46	79.94
25	47	60.285
25	48	85.92
25	49	91.85
25	50	76.16
25	51	49.11
25	52	79.66
25	53	37.67
25	54	44.97
25	55	60.28
25	56	72.11
25	57	50.43
25	58	50.36
25	59	71.75
25	60	64.43
25	61	57.32
25	62	76.01
25	63	88.11
26	27	53.19
26	28	84.32
26	29	68.45
26	30	69.05
26	31	79.59
26	32	107.32
26	33	75.09
26	34	79.02
26	35	69.63
26	36	69.18
26	37	78.6
26	38	49.54
26	39	55.67
26	40	47.995
26	41	57.71
26	42	55.49
26	43	77.88
26	44	80.86
26	45	74.31
26	46	87.45
26	47	70.61
26	48	92.43
26	49	99.17
26	50	45.48
26	51	38.44
26	52	47.99
26	53	28
26	54	37.84
26	55	62.79
26	56	82.62
26	57	57.95
26	58	50.87
26	59	74.26
26	60	64.94
26	61	59.83
26	62	77.52
26	63	83.62
27	28	106.88
27	29	93.59
27	30	93.05
27	31	96.59
27	32	123.32
27	33	88.54
27	34	100.02
27	35	83.64
27	36	71.19
27	37	97.6
27	38	77.21
27	39	83.67
27	40	80.99
27	41	75.43
27	42	85.25
27	43	83.91
27	44	75.12
27	45	93.87
27	46	105.98
27	47	82.88
27	48	108.02
27	49	123.44
27	50	90.75
27	51	80.7
27	52	96.26
27	53	62.27
27	54	28.83
27	55	82.86
27	56	98.69
27	57	77.02
27	58	70.95
27	59	87.33
27	60	81.02
27	61	79.91
27	62	97.54
27	63	101.7
28	29	31.36
28	30	27.44
28	31	34.2
28	32	80.44
28	33	56.27
28	34	46.58
28	35	42.07
28	36	42.7
28	37	43.35
28	38	69.87
28	39	67.67
28	40	76.64
28	41	56.07
28	42	78.84
28	43	50.92
28	44	58.35
28	45	59.6
28	46	67.12
28	47	67.44
28	48	83.25
28	49	101.96
28	50	74.57
28	51	88.54
28	52	95.29
28	53	102.5
28	54	94.97
28	55	74.29
28	56	106.85
28	57	79.05
28	58	76.66
28	59	72.77
28	60	87.42
28	61	69.09
28	62	65.65
28	63	70.95
29	30	16.27
29	31	31.35
29	32	54.27
29	33	36.49
29	34	32.81
29	35	28.31
29	36	28.94
29	37	23.66
29	38	58.1
29	39	66.91
29	40	75.87
29	41	61.31
29	42	60.07
29	43	46.15
29	44	73.59
29	45	54.84
29	46	62.36
29	47	62.68
29	48	77.48
29	49	97.2
29	50	73.81
29	51	87.77
29	52	94.53
29	53	85.73
29	54	91.61
29	55	57.93
29	56	87.49
29	57	70.69
29	58	59.3
29	59	54.41
29	60	74.06
29	61	52.73
29	62	52.29
29	63	57.59
30	31	19.1
30	32	48.17
30	33	25.52
30	34	28.9
30	35	24.4
30	36	26.03
30	37	13.57
30	38	46.19
30	39	42
30	40	52.96
30	41	36.4
30	42	61.16
30	43	38.24
30	44	39.67
30	45	46.93
30	46	55.45
30	47	48.76
30	48	73.57
30	49	93.29
30	50	52.89
30	51	68.86
30	52	69.61
30	53	88.82
30	54	93.54
30	55	61.37
30	56	89.94
30	57	73.13
30	58	64.74
30	59	57.85
30	60	78.5
30	61	56.17
30	62	53.73
30	63	60.03
31	32	50.04
31	33	40.4
31	34	41.84
31	35	37.34
31	36	42.97
31	37	16.45
31	38	57.14
31	39	61.93
31	40	70.48
31	41	55.35
31	42	63.68
31	43	60.65
31	44	58.09
31	45	64.34
31	46	58.93
31	47	65.18
31	48	84.99
31	49	64.7
31	50	62.42
31	51	85.38
31	52	80.14
31	53	95.34
31	54	91.48
31	55	77.02
31	56	97.59
31	57	77.79
31	58	73.39
31	59	70.51
31	60	83.16
31	61	66.82
31	62	59.38
31	63	78.69
32	33	64.12
32	34	73.66
32	35	69.86
32	36	74.79
32	37	49.97
32	38	94.87
32	39	86.66
32	40	95.21
32	41	83.07
32	42	104.41
32	43	75.38
32	44	84.81
32	45	79.07
32	46	94.65
32	47	94.9
32	48	108.33
32	49	129.43
32	50	93.14
32	51	110.1
32	52	111.86
32	53	137.06
32	54	119.74
32	55	111.94
32	56	114.86
32	57	106.19
32	58	105.12
32	59	105.43
32	60	111.19
32	61	108.74
32	62	104.3
32	63	98.87
33	34	40.54
33	35	36.55
33	36	26.67
33	37	20.56
33	38	39.56
33	39	53.35
33	40	58.9
33	41	46.76
33	42	48.09
33	43	21.07
33	44	41.5
33	45	42.75
33	46	48.34
33	47	49.59
33	48	65.4
33	49	84.11
33	50	45.83
33	51	61.79
33	52	61.55
33	53	92.75
33	54	78.42
33	55	65.24
33	56	70.55
33	57	70.88
33	58	56.81
33	59	70.73
33	60	69.88
33	61	62.04
33	62	76.6
33	63	75.56
34	35	26.85
34	36	27.49
34	37	37.58
34	38	44.35
34	39	43.07
34	40	54.5
34	41	37.85
34	42	60.61
34	43	35.16
34	44	40.39
34	45	44.84
34	46	53.36
34	47	49.68
34	48	66.49
34	49	86.2
34	50	56.35
34	51	77.31
34	52	77.07
34	53	85.27
34	54	90
34	55	72.36
34	56	73.1
34	57	70.43
34	58	62.36
34	59	77.85
34	60	75.43
34	61	72.16
34	62	82.72
34	63	74.11
35	36	24.7
35	37	30.11
35	38	42.83
35	39	41.57
35	40	52.89
35	41	36.04
35	42	59.09
35	43	31.34
35	44	38.5
35	45	37.75
35	46	54.28
35	47	46.58
35	48	56.39
35	49	71.11
35	50	54.82
35	51	75.79
35	52	75.54
35	53	87.74
35	54	94.42
35	55	75.7
35	56	69.83
35	57	64.16
35	58	57.08
35	59	81.19
35	60	71.15
35	61	72.5
35	62	80.06
35	63	81.83
36	37	31.9
36	38	30.66
36	39	27.63
36	40	37.07
36	41	22.43
36	42	30.6
36	43	26.28
36	44	25.1
36	45	32.43
36	46	45.85
36	47	34.13
36	48	52.97
36	49	64.75
36	50	35.34
36	51	58.3
36	52	53.06
36	53	71.26
36	54	71.96
36	55	54.83
36	56	56.66
36	57	47.99
36	58	43.91
36	59	61.3
36	60	58.98
36	61	51.88
36	62	69.53
36	63	48.66
37	38	47.1
37	39	49.59
37	40	58.14
37	41	42.3
37	42	60.34
37	43	36.31
37	44	54.74
37	45	52
37	46	59.52
37	47	59.83
37	48	74.64
37	49	94.36
37	50	56.07
37	51	70.03
37	52	76.79
37	53	91.99
37	54	106.44
37	55	69.65
37	56	77.54
37	57	80.87
37	58	71.8
37	59	68.14
37	60	83.79
37	61	64.45
37	62	68.01
37	63	72.55
38	39	26.75
38	40	25.9
38	41	22.32
38	42	19.4
38	43	25.67
38	44	21.77
38	45	28.57
38	46	45.16
38	47	31.08
38	48	47.69
38	49	67.7
38	50	35.28
38	51	57.25
38	52	56
38	53	80.27
38	54	55.2
38	55	52.24
38	56	48.07
38	57	45.4
38	58	35.32
38	59	58.71
38	60	50.39
38	61	49.28
38	62	68.56
38	63	62.07
39	40	22.55
39	41	16.05
39	42	17.39
39	43	26.39
39	44	20.78
39	45	29.11
39	46	45.71
39	47	30.81
39	48	48.24
39	49	67.43
39	50	35.02
39	51	55.99
39	52	55.74
39	53	62.94
39	54	67.38
39	55	63.53
39	56	58.36
39	57	55.69
39	58	44.61
39	59	69
39	60	59.68
39	61	60.58
39	62	72.1
39	63	64.37
40	41	42.47
40	42	44.81
40	43	53.23
40	44	41.17
40	45	48.19
40	46	68.79
40	47	50.79
40	48	69.31
40	49	85.41
40	50	58
40	51	73.96
40	52	74.72
40	53	74.92
40	54	88.63
40	55	78.3
40	56	80.13
40	57	76.46
40	58	69.39
40	59	77.77
40	60	81.46
40	61	75.35
40	62	81.63
40	63	75.14
41	42	23.11
41	43	19.61
41	44	30.72
41	45	27.51
41	46	37.11
41	47	40.34
41	48	40.64
41	49	59.97
41	50	28.55
41	51	50.52
41	52	49.27
41	53	71.48
41	54	69.41
41	55	65.26
41	56	60.09
41	57	57.42
41	58	46.35
41	59	71.73
41	60	61.42
41	61	62.31
41	62	80.57
41	63	67.1
42	43	47.45
42	44	20.11
42	45	29.41
42	46	67.01
42	47	20.73
42	48	40.54
42	49	52.35
42	50	22.93
42	51	43.9
42	52	43.65
42	53	84.86
42	54	71.53
42	55	65.98
42	56	62.81
42	57	58.14
42	58	63.06
42	59	72.45
42	60	64.13
42	61	63.03
42	62	75.35
42	63	67.82
43	44	37.73
43	45	21.65
43	46	31.5
43	47	46.97
43	48	35.77
43	49	28.49
43	50	35.92
43	51	62.89
43	52	56.64
43	53	85.84
43	54	71.52
43	55	66.61
43	56	79.44
43	57	58.77
43	58	63.7
43	59	74.13
43	60	64.77
43	61	64.44
43	62	74
43	63	67.45
44	45	17.4
44	46	40.99
44	47	12.56
44	48	31.52
44	49	43.97
44	50	24.56
44	51	41.52
44	52	41.28
44	53	56.48
44	54	78.15
44	55	66.71
44	56	66.54
44	57	63.87
44	58	53.8
44	59	76.57
44	60	72.87
44	61	66.88
44	62	85.44
44	63	79.55
45	46	20.59
45	47	21.31
45	48	25.12
45	49	46.84
45	50	45.09
45	51	58.05
45	52	58.81
45	53	86.01
45	54	80.68
45	55	79.45
45	56	70.17
45	57	67.5
45	58	57.42
45	59	77.93
45	60	21.5
45	61	76.25
45	62	86.8
45	63	76.18
46	47	38.47
46	48	22.77
46	49	44.07
46	50	64.04
46	51	66.01
46	52	67.76
46	53	93.97
46	54	94.64
46	55	88.24
46	56	82.96
46	57	79.29
46	58	69.21
46	59	86.72
46	60	85.28
46	61	85.03
46	62	85.59
46	63	78.97
47	48	27.16
47	49	28.53
47	50	29.94
47	51	47.9
47	52	49.66
47	53	69.86
47	54	73.53
47	55	78.48
47	56	76.42
47	57	64.75
47	58	57.67
47	59	77.96
47	60	78.74
47	61	75.28
47	62	83.84
47	63	80.43
48	49	24.26
48	50	58.12
48	51	74.29
48	52	74.04
48	53	104.25
48	54	92.92
48	55	95.37
48	56	97.09
48	57	93.42
48	58	82.35
48	59	94.85
48	60	98.42
48	61	92.17
48	62	100.73
48	63	92.1
49	50	69.96
49	51	88.79
49	52	82.55
49	53	97.75
49	54	111.43
49	55	114.04
49	56	106.81
49	57	103.13
49	58	103.38
49	59	112.52
49	60	109.13
49	61	110.83
49	62	112.39
49	63	104.81
50	51	25.86
50	52	27.61
50	53	45.82
50	54	89.49
50	55	81.23
50	56	83.06
50	57	79.39
50	58	73.31
50	59	80.7
50	60	85.38
50	61	79.28
50	62	82.73
50	63	75.06
51	52	18.04
51	53	29.66
51	54	71.6
51	55	95.58
51	56	96.09
51	57	87.73
51	58	81.66
51	59	100.05
51	60	98.73
51	61	92.62
51	62	108.08
51	63	112.1
52	53	70.94
52	54	103.61
52	55	102.62
52	56	103.44
52	57	99.77
52	58	93.7
52	59	107.09
52	60	105.77
52	61	97.66
52	62	109.12
52	63	113.45
53	54	51.28
53	55	73.61
53	56	75.44
53	57	65.77
53	58	60.69
53	59	99.08
53	60	77.76
53	61	70.66
53	62	89.34
53	63	92.45
54	55	68.89
54	56	70.72
54	57	67.04
54	58	59.97
54	59	76.36
54	60	73.04
54	61	65.93
54	62	82.99
54	63	87.72
55	56	18
55	57	35.56
55	58	19.45
55	59	22.28
55	60	21.95
55	61	4.2
55	62	24.15
55	63	26.59
56	57	32.39
56	58	21.7
56	59	33.68
56	60	15.23
56	61	18.91
56	62	36.88
56	63	34.79
57	58	13.03
57	59	37.77
57	60	18.84
57	61	27.77
57	62	50.68
57	63	45.03
58	59	19.25
58	60	24.69
58	61	14.88
58	62	33.78
58	63	40.7
59	60	33.25
59	61	21.25
59	62	38.05
59	63	42.68
60	61	22.17
60	62	37.09
60	63	38.84
61	62	20.95
61	63	24.41
62	63	21.73
