355.109	75.0344	28.0395	112.38	26.003	59.6608	26.3709	5.53384	7.05652	6.41639	26.9592	20.4959	35.1381	2.06767	0.735045	4.42084	1.59741	1.45512	4.27991	2.12752	24.2837	17.4428	13.0435	31.0634	9.38659	6.08989	8.51132	0.248152	3.71382	5.94614	30.4867	3.11259	1.64844	1.59101	11.8319	2.53016	24.737	8.25201	22.5419	30.0501	16.5199	18.5421	6.72951	17.0215	6.94615	0.892961	2.77872	7.28743	0.818717	0.298236	0.647962	2.68951	0.627048	0.0497593	0.506786	2.61604	8.81718	35.7455	62.6399	7.67112	16.3839	4.4983	4.0794	2.87073	
286.522	102.697	30.5617	113.237	31.9382	69.9394	29.247	6.35025	8.60449	6.17067	29.7158	24.3355	31.0276	2.13024	0.791179	5.31175	1.75764	1.821	5.21075	2.49076	33.2655	17.2806	12.9051	33.7311	7.40722	5.91495	10.7645	0.266868	4.20676	6.73538	34.043	3.47644	2.18869	1.80695	13.215	2.72519	27.2423	9.63122	24.2954	31.7178	17.5214	20.3036	7.10455	18.2531	7.33004	0.932003	2.98763	7.55103	0.863584	0.322924	0.717208	2.6088	0.678956	0.0516159	0.557254	2.53085	8.58087	34.7875	65.8549	7.58639	17.4153	4.1599	3.93355	2.85656	
262.335	74.8798	45.2324	103.154	24.8761	61.8069	27.774	5.64528	7.16071	8.25017	18.3147	20.2477	24.445	1.69463	0.643531	4.32429	1.46272	1.44989	3.98776	2.21328	29.4816	21.9255	13.4356	40.6682	10.0416	8.07174	12.5929	0.321964	3.61676	5.79074	30.3104	2.96138	1.95343	1.65223	12.5661	2.51442	23.53	9.57022	23.3065	31.7605	17.4641	16.8004	7.11412	17.9904	8.01686	1.00818	2.82285	7.53629	0.852844	0.315281	0.655364	2.84322	0.677481	0.0689041	0.657672	3.36369	10.613	43.026	84.1651	10.7708	20.1595	5.65804	4.15424	2.22542	
1767.84	466.49	173.442	1469	210.827	338.325	164.527	48.4374	76.2061	81.6699	264.689	237.905	306.953	20.7203	7.69728	38.6188	18.1703	13.7561	38.7357	22.0401	165.551	117.019	85.3191	199.952	60.8075	34.3527	61.1572	1.4689	38.5074	61.64	301.636	27.8688	20.2651	9.8674	84.161	17.7026	138.317	95.2388	114.062	104.725	69.9624	96.8858	32.1513	93.0642	40.4351	4.97874	17.8157	45.9081	6.00573	2.1964	4.13343	20.4628	4.08899	0.373623	3.50007	22.898	45.4372	161.463	404.363	74.9359	98.7261	41.3714	40.88	26.8004	
981.531	315.714	100.364	505.889	177.367	216.72	120.262	31.0274	40.9553	35.0307	118.64	114.715	135.273	9.08526	3.09005	23.158	8.00759	7.38965	22.7176	11.8606	89.246	50.6257	34.5538	86.2007	25.1745	18.454	33.5839	0.771912	18.1598	29.7156	148.648	14.9972	10.8838	4.16134	42.323	7.97502	55.8209	45.8322	62.8572	61.6489	45.8126	44.6178	12.693	51.1054	20.7864	2.85639	6.72922	19.7913	2.371	1.05675	1.90352	5.93703	1.61429	0.150784	1.5089	9.39681	22.4312	66.8316	167.408	30.0762	43.2695	16.9778	16.7762	9.72127	
436.113	133.885	48.2904	157.213	41.9688	170.312	58.1578	10.4784	13.0021	9.11947	34.4767	32.2185	39.3188	3.14823	0.859498	7.85182	2.48631	2.62743	6.49367	3.40598	44.3718	24.5523	18.88	53.5099	11.4218	14.2775	18.2735	0.360063	7.58004	10.6332	64.6099	6.59646	4.49626	3.48185	22.4632	5.41667	54.1477	19.5219	47.2396	65.8792	35.6085	37.7785	14.7564	36.2883	16.9988	2.06743	5.94878	15.6872	1.83723	0.782569	0.474523	4.07078	0.512603	0.11412	0.839281	3.93613	9.74973	49.2526	102.919	9.89471	23.077	7.22998	5.02984	2.90695	
1385.48	402.398	155.965	549.485	167.386	417.995	260.009	50.7076	65.7504	39.9013	135.136	152.554	141.133	11.5518	4.01722	30.1132	9.32795	10.2061	25.2242	13.5216	127.789	80.6876	61.557	152.891	44.4061	29.9804	46.763	1.28167	25.153	40.7802	241.017	24.607	10.6605	8.23902	104.415	19.6752	157.149	72.823	120.146	127.549	90.7041	96.4647	26.8455	88.6711	33.7622	4.74372	14.5519	30.7622	3.8511	1.34779	3.45206	13.7117	3.41495	0.219399	2.50535	12.2137	34.9346	144.778	345.218	36.6033	67.8347	18.506	19.5338	10.6477	
1646.13	494.687	179.489	915.935	244.513	426.407	287.103	91.2095	94.6201	62.8413	182.452	219.537	237.437	14.6003	6.05446	43.4212	14.0553	14.61	38.4619	28.4149	160.698	97.4411	74.3383	188.743	53.6263	38.6756	59.0258	1.54812	36.3167	59.4265	266.307	24.0692	20.4341	9.11157	110.503	20.8268	166.347	82.3267	121.677	168.202	91.8803	109.078	43.1534	102.495	42.6159	5.72868	15.4003	39.684	4.75521	2.07327	3.98938	18.4842	4.03427	0.264954	3.02555	13.528	42.9845	174.57	419.289	57.6472	84.7798	29.8003	24.6942	15.9734	
145.239	46.3787	15.753	99.7074	22.3316	36.6096	25.7583	6.54692	12.5583	7.44549	24.1306	26.9784	27.5015	2.06274	0.686458	5.25554	1.59255	1.74056	5.20347	2.6112	15.0892	8.919	6.52005	16.9411	4.60515	3.54786	5.78409	0.142015	4.46288	7.30439	35.7441	3.60626	2.71688	1.15041	9.70261	2.07483	15.9461	11.3257	10.9214	15.094	8.42853	9.57539	3.10843	8.09052	3.82172	0.531326	1.33713	3.68063	0.431442	0.157751	0.342587	1.58768	0.395329	0.0296337	0.277606	2.08706	3.99377	15.8841	35.7144	6.68146	7.71412	3.77165	3.72685	2.35048	
265.889	66.9643	36.5415	215.138	38.4571	51.6975	31.4719	8.75421	14.9903	30.067	66.967	43.4824	70.7901	5.4793	1.33979	8.40009	3.17178	2.74007	8.29676	3.60791	23.2527	16.5741	13.1958	28.6651	9.40476	5.06991	9.43183	0.425853	6.30356	10.0903	48.3025	4.08683	2.1187	1.55494	10.1897	2.10639	16.3821	14.9718	15.2504	20.9752	13.6236	13.7376	4.79223	13.037	6.15966	0.767161	1.97357	6.06421	1.31584	0.296586	0.552043	2.19274	0.623168	0.0672146	0.762149	5.62991	11.1544	38.7751	99.2672	18.4244	24.1831	10.1719	10.5032	1.91922	
623.585	180.002	45.2796	389.198	72.7008	109.095	59.4957	14.1872	27.1184	37.38	340.178	98.192	162.732	12.5986	3.1498	19.8136	7.48142	6.32249	19.2581	8.08311	62.3254	42.5216	31.0026	71.9413	22.0957	15.8029	24.6545	0.644221	13.8151	22.6112	113.109	11.4117	5.91476	3.72136	24.3863	5.38623	45.744	32.82	40.8855	56.2332	37.5341	37.5249	13.0902	34.8363	16.4557	2.09507	5.88549	16.2007	1.77774	0.650009	1.4427	6.1228	1.45894	0.134901	1.2319	7.36414	19.2595	83.4066	171.397	32.072	34.664	13.3053	18.6942	5.87008	
1254.48	390.069	132.461	925.656	186.011	269.771	177.725	45.172	80.2276	64.2249	259.829	321.218	331.869	16.6788	5.4202	47.6453	20.529	15.4497	54.2459	24.7591	96.0571	63.9119	50.8848	111.808	36.242	20.9762	37.3433	0.979436	38.7518	69.2441	317.205	32.0031	14.8629	9.77182	99.4284	21.4782	163.409	96.1812	84.0802	108.782	66.3315	74.0262	27.5791	75.0276	35.4486	4.41498	10.6324	34.1399	3.82875	1.40024	2.60631	11.5561	2.69426	0.204374	2.33378	16.7718	32.0872	119.493	268.615	54.8871	72.3124	30.3027	32.6971	14.1872	
1994.79	461.285	148.328	1107.74	203.446	305.358	152.501	45.3138	75.8548	96.98	399.397	307.813	763.685	41.1891	12.0308	92.7176	35.7879	27.0937	71.5146	18.4873	162.233	104.577	76.247	176.348	54.3417	40.3374	62.9315	1.57951	30.2371	51.7038	308.413	29.7767	16.1313	8.69872	63.6317	13.1567	119.361	95.5956	97.9331	142.719	85.8463	93.6995	35.6929	81.4305	38.4654	4.7907	14.6961	37.8776	4.1555	1.51941	3.44811	15.2886	3.89151	0.336847	3.01972	21.1964	46.3357	205.49	413.812	77.433	85.5524	38.2969	46.128	15.0364	
912.354	246.157	79.9226	581.197	106.203	190.037	97.019	21.6574	44.2217	58.3441	240.334	120.24	320.143	41.9043	9.61938	60.3242	21.5067	13.322	32.1237	14.0772	74.4785	55.1223	34.4536	96.5588	30.5977	20.2261	36.0001	0.715932	23.5363	39.3787	196.986	15.6023	12.5564	6.92314	35.6164	7.04718	77.9153	42.0064	59.8582	85.3337	48.0399	44.9606	18.7023	42.6677	20.155	2.56606	7.7004	19.8427	2.5964	0.970458	1.84652	8.55745	2.54083	0.172659	1.36902	13.7092	29.1235	104.314	261.817	48.9807	63.1266	24.7693	25.0195	11.3094	
1013.75	285.754	94.8635	674.837	112.901	162.163	105.455	28.0707	45.9979	44.5904	187.806	122.133	292.273	30.0664	28.513	60.457	46.6646	9.84235	24.0063	12.8348	94.7243	56.0763	41.7948	102.694	31.1205	22.9789	39.1477	0.94837	18.8054	36.7018	179.601	19.3564	10.0325	5.53156	49.3237	9.75937	71.0542	52.1134	69.7167	99.3879	53.3905	58.2875	25.3365	59.0889	25.5606	3.25428	10.664	25.1645	3.59566	1.31471	2.24095	9.51056	2.31658	0.200522	1.66037	12.491	30.2866	108.457	266.29	49.8175	57.5171	22.5682	27.1831	8.26947	
331.01	104.154	34.6071	183.815	45.9362	80.4262	42.9161	10.9295	19.1189	15.1779	64.1375	58.2851	122.287	10.2364	3.28222	39.3105	10.9735	8.56937	11.4464	4.91012	27.7504	20.9906	14.6455	36.7696	9.55654	7.05329	11.2488	0.322172	8.20944	13.7322	68.6935	5.32248	4.37967	2.41478	13.8675	2.99561	27.1768	22.25	23.3062	31.788	18.2976	20.8699	7.28026	19.3746	8.02203	1.02111	3.27328	7.89772	1.10368	0.403545	0.768005	3.48101	0.886239	0.0551502	0.616065	4.72111	9.86315	33.6364	82.5683	15.7939	21.271	8.91364	9.20396	3.57838	
955.553	275.342	93.5224	690.954	126.9	203.463	106.207	28.2645	46.285	45.7861	193.48	200.635	377.1	29.1563	20.24	87.6696	97.7767	25.316	37.7474	12.7091	102.155	77.2538	55.1003	138.368	40.1438	25.3997	41.4092	1.08608	22.7037	36.3425	185.842	17.1703	14.4431	6.38935	41.8699	10.5528	83.8982	60.1946	87.6841	109.545	70.3874	57.7168	24.5426	69.7701	32.2402	3.59712	11.531	31.7476	3.88798	1.42159	2.64604	12.2627	2.67582	0.301595	2.12255	14.5747	35.5183	154.259	310.712	55.6259	74.9158	26.3331	31.0276	12.3287	
527.653	172.925	56.1951	317.095	70.989	130.338	70.4425	17.8099	30.6651	23.9773	99.117	91.5309	173.06	10.948	2.58781	41.5012	15.3463	25.6111	23.948	8.34639	51.2165	28.0359	24.4015	66.1962	17.9943	12.1487	19.8061	0.605961	13.639	23.846	109.214	10.3149	7.43816	3.29123	28.7718	5.43586	46.257	34.6048	43.1658	60.0526	35.1809	31.068	13.8021	36.7307	17.3543	1.97934	5.56036	17.0854	1.87442	0.685507	1.33335	6.17786	1.2079	0.10373	1.06112	5.4896	14.9369	60.7289	122.295	23.9134	31.5052	11.0717	13.3357	6.46059	
859.872	274.158	85.6334	494.717	120.915	178.476	96.4594	25.9773	50.7926	40.2253	167.273	178.06	253.09	14.6266	3.49711	30.7137	12.6779	13.2685	67.3007	13.8979	79.8178	50.6313	40.3112	96.5739	28.6732	18.9372	30.2017	0.846171	21.7332	38.8342	194.263	17.5578	9.30478	5.85295	35.209	7.75784	70.5357	60.2135	68.7678	97.7982	53.6461	55.2497	20.5883	54.7906	25.8815	3.29514	8.66549	25.486	2.85823	1.02234	2.12416	10.0631	2.14807	0.184468	1.61771	11.3878	24.8665	107.997	208.121	38.9439	44.963	20.5751	22.6947	8.08012	
98.5705	30.2209	10.9603	64.9135	14.558	21.5877	11.9242	4.42571	5.8779	4.03386	16.1907	18.7417	15.0879	1.47812	0.431169	3.0383	0.984353	1.06641	3.20496	3.89629	8.86451	5.97903	4.08629	10.375	3.01335	2.2705	3.54226	0.0908845	3.72062	5.95571	29.7926	3.0058	1.89947	0.938	8.53495	1.84735	14.0301	9.23449	7.55208	9.41209	5.89012	6.36562	1.86222	7.36374	2.34151	0.298047	0.955422	2.30523	0.38414	0.1374	0.234253	1.10952	0.236889	0.0198175	0.159152	1.09307	2.23439	10.3662	19.9812	3.73808	5.14635	1.97535	2.27686	1.56808	
1593.62	571.696	206.793	690.632	155.159	398.352	159.621	35.4521	48.1111	36.8242	176.826	102.991	187.539	11.0769	4.5073	24.3222	11.207	9.26896	26.0717	12.556	305.267	138.146	103.303	309.541	74.3411	64.1723	97.9383	2.44897	23.5113	38.4809	213.136	20.8238	12.0986	8.51958	86.4393	16.8863	138.451	67.2958	145.497	207.192	129.976	112.036	45.3896	119.972	50.0473	6.0229	18.6762	46.0134	3.96999	1.47833	4.37042	18.9564	3.62571	0.524339	5.00248	17.9542	56.6484	229.657	490.567	50.3815	114.946	30.8723	25.081	13.2597	
691.124	179.307	92.8541	294.742	53.1408	133.083	60.8515	12.979	17.1697	15.8475	72.8382	41.3734	72.9884	4.94976	1.61103	11.1078	5.11703	3.0634	9.98522	5.11322	83.4078	87.1983	52.3401	141.023	36.6201	27.7569	37.1399	1.19184	4.4244	6.56897	35.553	4.52307	1.84815	1.90546	12.0919	2.89979	34.5509	11.7305	25.2117	35.2759	25.0913	26.4162	8.38511	22.2071	11.5181	1.14922	3.11536	10.8277	1.10107	0.802586	0.789632	4.76507	1.03977	0.159081	2.04167	3.73025	10.7781	43.6953	87.3756	10.9384	23.8817	6.4142	4.81735	3.91721	
1708.76	442.741	188.13	710.526	119.923	338.362	153.494	32.7388	41.4999	41.7172	175.589	108.912	175.951	10.2292	3.97004	25.6245	12.0671	8.81566	26.2853	11.5543	206.22	173.055	211.78	249.567	126.606	48.3173	127.054	3.77426	18.956	31.7154	174.47	18.209	11.8095	8.37479	60.6586	14.5467	124.579	55.0872	128.352	180.897	98.8148	105.577	42.0636	101.279	43.4082	6.02433	15.288	40.806	4.84043	1.78391	4.04927	21.0125	4.21735	0.583262	7.05864	16.7119	60.1692	218.522	466.781	47.9387	109.372	28.7362	22.1791	16.7941	
1155.25	328.518	161.658	472.715	84.9291	272.24	108.227	23.5972	30.611	25.726	115.669	67.9362	115.526	8.13837	2.76921	18.2633	8.60245	6.78909	17.8767	8.32799	175.418	132.367	70.8479	445.57	83.2367	63.6066	100.376	2.68235	15.3594	23.5279	125.228	17.0185	7.59519	8.00313	43.5482	10.2139	121.698	40.428	112.893	138.73	120.257	101.404	27.0468	68.4118	32.5655	3.70689	14.6063	30.6067	3.71133	1.36779	3.46649	20.6126	4.04708	0.572163	5.478	12.5155	45.0705	163.686	349.648	35.9011	81.9267	21.5252	15.1339	11.7763	
1297.17	268.069	148.323	534.187	92.1658	215.93	116.805	24.9133	30.9202	31.3638	132.011	81.8282	132.283	9.58292	3.11832	17.6382	9.27404	6.85768	19.7227	8.98804	156.548	127.724	133.554	309.299	164.219	47.2489	120.185	3.56943	17.2729	25.8891	131.545	13.7291	8.71031	5.41312	45.7348	10.9678	80.5226	41.5342	101.908	142.526	79.5867	62.9614	31.7148	54.1067	32.0164	4.34666	10.1013	29.8006	4.07391	1.69827	2.61038	12.9257	2.77188	0.545093	6.67702	12.841	47.2608	195.861	366.721	36.0332	84.0572	22.085	17.3215	12.6261	
1247.79	317.383	176.772	447.444	100.171	400.198	116.922	26.6398	35.3188	25.0682	139.984	70.2196	145.586	9.39209	3.41385	19.3013	8.70002	6.86458	19.3129	10.041	200.359	143.537	75.5695	350.434	70.054	145.023	130.079	2.33224	23.3054	23.8052	150.291	16.3911	11.3583	10.4884	57.059	14.9422	105.002	57.8435	131.87	189.948	150.818	113.476	46.1551	102.33	49.7073	6.18812	14.3808	46.1555	4.55319	2.20581	2.90659	33.2051	4.1997	0.790323	5.43629	14.8429	50.0272	207.371	355.486	37.3125	83.2946	25.5282	18.8965	8.23712	
2071.49	686.089	327.588	946.194	216.539	608.415	216.628	48.2938	68.3959	55.3954	259.414	148.491	269.796	19.8568	6.90839	36.5642	16.8478	13.2935	36.5862	18.6077	363.22	228.133	236.042	656.885	211.665	154.512	378.1	5.36076	31.838	50.4954	261.531	28.5232	16.5719	11.2486	83.2678	20.8669	156.641	77.3019	196.723	283.362	224.988	169.282	68.8537	107.336	44.8843	7.57314	21.4531	64.7123	6.94349	3.30438	10.0456	73.8946	14.8344	1.72051	11.1915	24.7172	69.8635	309.286	618.602	62.1346	144.946	42.5109	32.1673	16.0006	
606.163	170.714	84.0607	228.092	49.9526	120.321	59.59	12.7128	16.8545	25.1028	68.0329	39.0885	67.9634	3.96334	1.67971	10.5105	4.43499	4.08195	10.288	4.79167	91.1559	73.4771	70.3746	176.181	63.0928	27.8044	53.8036	7.92205	8.88803	13.3187	70.7332	8.99871	5.34453	3.83708	24.057	7.03085	68.7243	23.338	49.0784	70.1819	49.9195	52.5669	16.4057	43.1061	23.3532	2.25839	6.54416	22.6549	2.2596	0.888406	1.70159	13.3736	2.35225	0.371223	6.25723	7.2887	22.4966	93.2319	182.375	21.373	46.6635	12.533	9.49604	4.92947	
1651.9	490.019	171.948	1088.81	213.99	461.238	212.951	54.3041	96.4466	67.6612	265.662	281.615	236.911	23.7258	6.065	48.7686	16.8818	16.7301	48.1157	35.7194	159.357	49.6683	64.3609	183.701	55.5954	50.5927	58.1866	1.61844	200.184	112.325	642.591	76.1599	29.4474	16.7404	167.215	37.6383	275.905	165.134	123.726	214.062	117.835	172.635	40.521	191.066	72.4463	10.2961	33.0053	68.2535	8.35869	3.05692	5.2106	24.1426	5.15458	0.328624	3.1325	18.8788	40.3269	191.254	345.026	63.1568	86.9503	34.1095	41.0844	20.799	
335.365	99.4825	34.9085	221	44.4003	82.042	43.7783	11.2674	20.0159	13.7334	55.1337	63.8067	51.3672	5.03342	1.50091	10.344	3.42656	3.70894	10.9018	7.25007	33.0718	9.35064	13.6542	35.6812	10.566	6.55275	11.7017	0.307519	14.2429	31.7616	116.534	11.5014	7.4282	3.66901	32.1096	7.22595	52.9694	36.1209	22.736	30.8742	16.9992	21.8202	8.68588	30.0991	7.34855	1.62162	5.19826	10.7498	1.34606	0.481458	0.751528	3.48286	0.743448	0.06741	0.478398	3.83779	8.75721	32.6048	71.699	13.4164	16.5468	6.93398	7.81844	3.95809	
1901.73	556.12	202.09	1196.1	245.65	551.352	286.163	55.8449	108.331	72.711	305.034	323.28	338.886	27.848	8.12328	57.2293	19.3795	18.7874	60.3155	40.1119	202.594	55.9729	83.0752	210.046	59.3778	45.7553	67.0309	1.8063	90.1179	128.887	967.532	87.4086	49.309	27.1095	203.12	45.7102	327.784	261.772	171.502	309.997	163.335	219.09	49.222	207.917	89.96	11.2017	35.1269	84.7536	8.51493	3.04563	6.9117	30.6458	7.46635	0.365562	2.6614	20.6525	48.1634	179.361	369.23	72.1986	87.1069	37.3143	43.9665	21.7737	
592.182	173.209	60.2201	337.052	75.5897	171.686	89.1083	15.3942	33.3348	18.7633	93.863	99.4777	99.7908	6.7273	2.67018	13.5242	5.46099	5.4119	16.6266	12.343	60.3703	21.7184	26.4443	87.0619	18.901	15.2199	22.2969	0.700876	32.5759	38.7974	266.592	55.8108	19.8487	8.19641	64.0902	14.4229	94.7128	103.058	56.5353	83.8707	46.5971	60.5672	19.5324	53.2656	25.1611	3.20342	13.6478	24.7712	2.77806	2.39614	2.35073	8.93726	2.48412	0.132843	1.16806	6.1393	17.0726	67.9014	128.034	22.9215	32.9763	12.3821	16.2859	6.05786	
651.425	226.504	82.5095	509.08	113.944	243.071	80.1854	27.1463	52.1639	20.2047	101.051	95.9609	112.29	11.2454	2.87466	23.1151	9.54139	8.10604	18.302	16.2013	72.8546	18.4327	35.6235	80.7055	24.9078	21.9066	26.9078	0.864628	26.1623	52.0466	312.377	41.2279	132.562	10.8037	70.6883	15.6646	104.463	109.495	54.7531	108.12	60.0698	73.1083	17.7084	85.5634	31.0465	5.14583	13.8152	28.6132	3.69249	1.28124	2.65625	11.5238	2.74589	0.117843	1.39327	6.32493	25.9341	80.744	141.494	23.6145	39.5339	10.9358	13.4649	8.63155	
823.989	245.074	91.4606	324.862	57.0954	246.689	81.2179	15.8637	28.9475	19.4337	83.3226	82.6848	79.3572	8.1259	2.07722	16.7029	5.5318	4.70066	15.0878	10.4852	67.2354	24.9064	33.1082	111.451	20.2865	26.5111	23.9366	0.813539	19.4918	33.6911	225.077	22.3121	14.1589	19.3842	64.1263	14.27	131.817	91.545	80.9303	98.4944	58.4553	71.1433	26.7629	123.719	35.2421	5.00862	16.7521	33.941	4.1566	1.52014	3.29258	14.6022	3.63592	0.136744	1.51381	7.73561	30.0937	76.8641	179.292	22.1801	42.9447	13.3748	10.842	6.31028	
659.916	193.02	74.9112	298.394	62.5358	171.394	110.847	20.719	26.2924	13.7146	58.8019	90.6034	62.5155	4.50196	1.99468	10.3298	3.90387	4.42539	9.77433	10.2745	73.464	17.0212	25.8248	65.3095	18.4582	15.5319	19.082	0.549292	20.9674	31.7531	181.613	18.7885	9.97675	6.90589	135.983	15.3536	112.524	54.7176	63.3075	107.335	55.9723	75.2271	17.6612	78.8721	31.389	4.15776	13.0381	29.4425	3.52723	1.2619	2.27056	9.02074	2.24615	0.140115	1.01986	5.74879	24.7298	67.4734	137.925	16.4834	33.0363	9.30477	8.23653	5.66255	
80.051	22.5796	8.50296	35.6043	6.68449	23.4445	11.8485	2.21515	3.18939	1.60823	7.36741	11.1024	7.33241	0.505303	0.223885	1.2658	0.558143	0.474284	1.22168	1.26152	8.14111	2.31551	3.51313	8.68926	2.511	2.30728	2.71262	0.0910656	2.67722	4.0535	23.1842	2.39848	1.25414	0.871749	8.70956	3.20478	13.8341	7.45673	7.5688	12.8269	6.7051	9.05143	2.11151	9.91907	3.78342	0.561888	1.47732	3.64454	0.509311	0.203353	0.271519	1.07849	0.2686	0.0153439	0.106993	0.617609	3.07265	8.95547	17.9118	1.77085	4.19695	1.06784	1.00974	0.55246	
207.104	59.7293	21.0561	73.6146	12.381	62.0172	25.0426	4.68187	6.4864	3.30981	16.5572	22.3521	17.6029	1.47837	0.431336	3.03881	1.17423	1.068	2.93935	2.5353	17.6632	7.30067	7.96156	27.3968	4.87831	4.29051	5.38842	0.235549	5.19324	7.86292	43.9937	4.1679	2.21317	2.1309	16.8909	3.66079	46.8511	14.1	19.4571	34.2834	18.678	24.0174	7.77271	21.8067	9.99279	1.24237	3.49777	9.4269	1.08002	0.460034	0.819774	3.1167	0.86629	0.0433676	0.344924	1.9226	8.07456	25.1395	47.0701	5.39503	10.7891	3.30592	2.50374	2.25422	
1448.54	442.744	179.558	1062.75	213.137	468.793	243.313	48.5817	96.592	63.4213	249.069	275.842	295.589	16.711	6.63289	52.163	17.6639	16.7516	52.6095	34.9871	180.006	51.9694	73.8129	190.821	52.7576	49.5556	55.7536	1.67711	65.1691	112.421	736.637	95.086	48.6374	31.028	172.212	41.3713	295.628	362.093	172.511	269.204	149.565	197.466	51.4324	222.624	66.2684	10.2822	32.9606	68.1762	8.53494	3.05278	6.61369	30.6503	6.54259	0.349877	2.05636	17.6646	64.9285	155.246	324.403	59.0821	79.5705	31.9159	32.9554	16.965	
395.639	111.67	43.7221	127.262	29.2269	113.424	40.1371	7.17929	9.31318	6.45925	31.0235	24.1104	30.2775	2.38096	0.887218	5.46316	2.57271	2.0893	6.00751	2.86089	38.9129	11.168	17.1958	53.2782	12.9428	11.296	14.1866	0.352637	4.88212	7.07523	48.2545	5.2155	2.43179	2.74265	19.9219	4.19873	40.7892	17.2487	65.2805	59.739	40.8149	41.1474	16.9961	37.7731	18.3768	2.31152	6.06945	17.2296	2.07322	0.736834	1.40292	5.45121	1.38784	0.0607919	0.852359	3.47856	16.6708	45.4851	97.1815	9.76126	22.2753	5.98274	4.37142	2.86837	
619.118	171.132	69.9406	137.159	33.6489	185.68	50.0185	11.6498	15.1092	10.4285	50.0878	36.6171	51.7951	3.98443	1.48472	8.74691	3.77293	3.41201	10.029	4.18542	65.0475	18.3429	28.4492	76.855	21.2487	19.0999	23.9874	0.591944	9.91523	11.2782	102.387	9.08248	5.63693	3.91822	39.6493	8.35278	84.3664	31.5966	70.1255	208.216	85.016	91.3953	34.3738	71.9413	36.3415	4.41991	11.603	33.5374	3.96337	1.43425	2.73018	10.8444	2.70083	0.172226	1.2616	5.25054	25.7227	70.1823	153.284	15.0614	35.1347	9.02836	7.82483	5.27636	
369.934	102.751	41.8	99.5926	27.1781	109.084	38.6607	6.91673	9.17014	7.36204	36.3374	24.2681	33.8625	2.43802	0.866891	5.47236	2.63494	2.17257	5.97935	2.84686	44.3516	14.1808	16.8908	72.4104	12.8963	16.483	20.7009	0.457631	5.93236	6.74933	58.635	5.48457	3.40393	2.52749	22.4727	4.74573	49.9579	19.08	52.0746	92.4038	101.761	37.2497	13.7048	29.0512	16.9128	2.1171	5.08955	15.7492	1.81711	0.703822	1.20021	5.3228	1.29653	0.0964417	0.576128	2.76511	11.613	32.3899	64.7688	9.05108	15.8587	4.75464	4.62433	3.03432	
356.6	102.258	34.5347	118.448	22.7326	99.3934	35.3116	7.05214	8.9472	6.37564	31.1999	23.2599	31.7425	1.95963	0.812797	5.36051	1.8556	1.64773	5.28874	2.64234	32.8331	12.822	15.499	52.4384	8.76207	10.6511	13.3766	0.413869	7.46429	7.44045	67.5468	6.12247	3.55793	2.64184	25.9396	5.50201	55.1705	21.6345	45.0875	85.3138	31.9911	75.88	17.6779	48.7093	17.0327	2.67026	8.17694	15.861	2.73233	0.985722	1.83596	7.13383	1.81622	0.0832449	0.70369	2.94801	14.4424	39.4051	86.0451	8.27247	19.7227	5.06913	3.78793	2.89804	
710.771	196.51	80.3122	215.869	35.5165	213.215	53.9689	15.3223	15.9513	12.2145	59.7729	47.5913	66.4063	4.47672	1.94034	10.2697	4.33338	4.02014	10.8235	4.24525	73.0521	22.352	33.9129	76.8131	24.2391	23.7922	29.8804	0.709363	9.62195	16.2659	83.3424	10.8435	4.73298	5.45795	33.4452	7.04889	98.0566	30.9466	102.279	176.216	64.6401	97.0852	62.5264	56.1623	45.7602	5.44792	9.01036	51.9425	5.8253	2.47965	4.41966	17.5551	4.37215	0.131932	1.42875	6.17276	28.9389	82.5094	126.736	17.3215	39.5278	10.6141	9.03871	6.06814	
902.245	253.374	101.925	313.584	71.7647	263.138	89.4612	18.2638	20.8358	16.6761	79.8307	64.9751	76.0315	5.12559	2.271	13.7158	6.18237	5.36917	14.4555	8.42461	96.9028	29.7085	40.9786	97.5057	20.7533	26.4727	23.3767	0.935389	22.7691	28.2876	176.675	14.8402	11.4768	12.6623	74.9577	16.618	138.062	67.2246	114.077	185.087	68.7661	134.25	28.1854	204.233	39.7611	8.2736	25.1966	37.3366	8.2835	5.36637	4.25204	14.8008	4.20633	0.165313	1.82967	7.79438	25.6988	104.185	159.995	21.3725	49.901	13.1745	11.9214	7.83271	
595.86	164.667	73.5053	220.498	47.2386	199.485	55.1262	12.2895	15.9282	12.7511	61.0277	49.6821	58.1233	3.91833	1.58985	9.19069	4.62336	4.10544	11.0507	4.33533	65.42	24.937	28.4239	75.1158	19.8738	20.8108	15.8201	0.820114	13.9718	11.1768	123.712	11.3448	6.7394	5.8373	48.2774	10.2581	102.387	32.3845	89.8172	151.313	64.7886	75.9735	37.1657	64.3477	65.8942	6.56445	14.7764	57.5177	6.57231	2.75851	3.94488	17.1144	4.26145	0.227889	1.14268	5.61984	24.664	67.2938	143.745	14.6366	30.1728	9.02232	6.69762	4.33711	
449.896	122.97	54.2915	159.458	38.1255	142.495	45.491	9.7028	13.0062	9.32732	45.6343	36.3421	42.5168	2.92998	1.18883	6.87094	3.02967	2.75012	8.2633	3.24108	46.2397	14.6132	23.1687	50.2184	15.8469	15.2162	15.6772	0.465808	11.6624	14.4859	90.4741	8.48321	6.5606	4.87246	37.5583	8.9477	74.7636	29.5118	66.3542	108.085	47.6328	69.9539	25.9875	78.6409	38.5548	8.25897	19.8591	40.708	6.49152	2.22194	2.15457	10.2072	2.48626	0.102108	0.927322	3.64317	19.5371	53.3054	113.89	12.1878	80.1509	6.29901	5.57707	4.00755	
1028.7	289.65	111.698	419.269	65.9975	301.275	102.54	19.1662	24.0505	17.6314	94.1974	64.3096	95.8353	6.46065	2.86252	16.1842	7.13624	5.67674	15.9675	7.63422	105.357	29.1081	43.2023	145.398	27.0603	25.9834	32.6323	0.991805	27.4703	34.1208	208.47	26.5567	12.9422	11.9747	86.5418	17.2862	154.665	69.5137	128.022	208.49	84.141	157.403	31.5821	175.979	63.7694	14.5923	86.8181	77.562	18.9987	6.56331	3.94664	23.8109	5.67491	0.238194	1.89572	8.34487	40.981	114.301	244.21	27.9168	54.7581	14.4314	15.9181	10.4748	
2496.82	677.517	275.984	999.88	179.641	735.275	200.612	45.7079	61.2694	50.1392	239.97	191.107	228.6	15.4075	6.25152	36.1392	18.1838	16.1432	43.4626	17.0472	240.23	93.6289	106.721	281.969	73.8836	77.1799	91.0989	3.17763	52.5744	65.3025	465.513	44.6094	24.8078	22.4537	180.865	39.4673	385.78	133.069	336.34	557.719	240.966	282.566	168.496	241.336	229.728	27.6829	71.7823	348.48	33.2466	17.806	16.1066	68.3558	16.2878	0.780291	5.8135	19.936	91.2087	303.346	606.722	65.2425	121.872	34.4693	31.8845	19.5508	
467.411	129.113	52.0414	217.96	35.8604	143.489	41.8481	9.12635	11.9673	18.1284	43.8779	35.7127	41.7897	3.35935	1.48843	8.41531	3.71064	2.95109	8.12199	4.73348	34.537	15.865	21.0941	56.9727	16.8301	12.6867	16.2876	0.52811	10.7285	13.6253	77.9303	8.33631	5.33449	4.58198	36.1048	9.1903	73.647	27.7585	67.4374	109.825	46.3264	81.1101	31.4874	89.2181	43.7404	7.35582	29.2984	55.3987	17.461	5.6518	2.50368	11.0523	2.75262	0.105803	1.09647	3.9727	16.725	46.648	101.861	13.001	22.8398	6.86876	6.35368	4.37003	
71.4514	20.2606	8.07351	33.4509	6.70721	25.6486	6.14609	1.66982	1.83625	1.71472	6.73259	5.48094	6.41218	0.526922	0.228383	1.29124	0.569358	0.452913	1.21911	0.710496	5.39698	4.85293	3.2624	8.81136	2.9442	2.57921	3.25278	0.0871346	1.64654	2.04516	11.6974	3.01738	0.776765	0.70321	5.42054	1.53987	13.1643	4.16656	10.058	16.6782	7.53005	12.2796	5.62464	24.2552	7.70417	1.05658	4.24746	12.451	2.37177	2.23241	0.446941	1.86085	0.528729	0.0282748	0.169021	0.610238	3.12819	8.7268	14.855	2.04148	4.17984	1.05533	1.13872	0.765321	
14.9083	4.3214	1.61167	6.04553	1.16026	1.49357	1.51176	0.308564	0.382964	0.306508	1.43505	0.979724	1.39746	0.096283	0.0373848	0.235997	0.101773	0.0846004	0.243257	0.116329	1.53225	0.458527	0.711159	2.14458	0.434602	0.326385	0.949661	0.0160273	0.269527	0.306577	2.54931	0.284282	0.154652	0.146273	0.93665	0.197451	2.25284	0.866867	1.83908	3.04889	1.23316	2.19644	0.962767	1.84565	1.05806	0.0983916	0.245279	1.0816	0.1009	0.0429217	0.186645	0.665745	0.158668	0.00794141	0.0245414	0.112542	0.472657	1.31829	2.57934	0.368386	0.631556	0.189307	0.195946	0.131954	
1017.95	258.581	115.021	492.34	59.5307	210.776	98.7809	23.5189	29.196	20.0277	100.188	71.4605	101.93	7.34034	2.61002	17.5963	7.75891	6.44827	18.9578	9.06388	109.33	45.5182	60.7077	209.778	35.4011	61.3375	114.916	2.07219	20.5435	23.3726	185.945	17.7797	11.0372	10.6714	61.2157	12.9018	140.899	66.0875	117.554	199.22	89.9658	140.396	62.9087	105.685	75.5119	7.66795	24.3436	75.5121	7.32729	2.93977	10.9518	121.88	20.299	1.17448	3.7703	8.5066	36.7789	113.73	222.473	24.9443	48.7986	14.6304	11.6273	6.05442	
39.2065	11.1173	4.52761	16.2525	2.67398	4.38459	4.06414	0.847979	1.20095	0.940273	3.94373	2.75232	4.28605	0.360041	0.105024	0.740069	0.279688	0.208276	0.668506	0.31969	3.45446	1.64081	2.01284	6.80412	1.25413	1.28158	3.81102	0.0602101	0.724583	0.824186	7.48387	0.816389	0.43446	0.438957	2.51804	0.530818	6.46963	2.33044	4.9441	8.19649	3.62012	5.90478	2.58825	4.96175	3.1061	0.30855	0.958456	2.9724	0.301466	0.137988	0.431192	3.35334	1.23522	0.0193795	0.0762859	0.298126	1.28021	3.57064	6.9847	0.874208	1.71021	0.535807	0.464994	0.240481	
247.962	67.3592	36.7004	118.356	19.906	77.7975	20.81	4.43858	7.17473	8.08288	29.0628	16.6394	29.5682	1.94994	0.724531	3.67048	2.51244	1.4255	4.57545	2.13151	39.8156	20.0074	22.1864	76.6663	19.6559	19.2214	35.2276	0.757311	3.6817	5.95597	29.2034	3.4795	1.48602	1.31574	12.5188	2.41673	25.8128	9.93248	17.2603	41.6566	21.4615	21.5698	6.22464	15.5415	13.2384	1.00993	3.20625	11.3489	0.92352	0.588112	1.72001	15.4633	1.54453	0.549523	1.43641	3.36065	14.1141	44.9207	85.9783	6.2086	18.859	5.77866	4.27842	2.27286	
883.148	254.31	122.499	387.733	69.6609	200.082	83.1006	17.7245	23.5042	32.0509	92.8101	66.4461	92.695	5.40677	2.09796	14.3383	6.18341	5.09949	14.0317	5.98612	132.839	89.7959	93.895	256.687	84.198	46.236	80.1328	4.46395	12.2726	14.7814	74.3497	10.6989	6.14401	5.09365	31.8651	5.89316	71.7945	20.4145	84.6296	106.71	44.8345	63.7629	23.5732	60.1528	23.2131	3.20745	8.92359	29.5688	3.34689	1.22941	1.85879	17.3593	2.12616	0.502315	12.5365	10.5309	44.2277	123.383	246.724	28.9078	59.0963	18.1119	13.8963	7.12376	
239.595	60.7019	32.928	133.315	22.7999	49.3168	21.2916	4.16514	9.28703	12.4431	29.1587	25.0966	34.1962	2.84554	0.829497	5.77488	2.23149	1.38652	5.19127	2.16077	25.057	8.62252	11.6835	30.8216	8.51024	6.63473	9.3014	0.273283	3.88728	6.23208	30.3228	2.95543	1.46588	1.36798	9.44013	1.78785	21.032	9.21659	18.152	23.3406	11.3092	14.0392	5.35265	13.4676	6.0001	0.662268	2.06448	5.32919	0.637317	0.233283	0.447994	2.05844	0.436693	0.0617655	0.553464	9.63371	28.3484	49.5624	120.915	19.0916	36.5444	14.1541	10.1907	5.4941	
876.853	223.476	112.811	287.247	59.0973	132.642	66.1271	14.3705	19.2969	26.7692	82.8045	52.1351	81.1696	6.56386	2.1839	13.1002	5.90486	4.09647	12.3087	4.79604	85.8449	27.0521	45.6756	120.521	34.0101	24.2813	28.547	0.91589	9.01632	15.4412	76.7848	8.92407	6.52646	5.7786	44.0946	9.65812	95.9123	36.7844	94.4594	124.161	51.5733	74.682	27.248	48.2152	28.593	3.85636	11.0087	26.4741	2.91339	1.29849	2.04299	9.66367	2.0362	0.281669	2.52396	30.7816	199.98	252.301	546.338	70.5343	201.143	48.62	36.5641	21.7785	
1502.1	382.825	193.251	431.315	74.4005	283.136	115.799	24.6608	32.43	39.3206	151.526	82.0391	152.106	9.93433	3.30458	18.8777	10.8364	7.03757	22.5886	9.40205	147.057	46.3417	70.0943	184.953	59.5571	42.5297	53.401	1.60387	18.0686	24.2927	120.827	14.9976	8.58607	6.23662	50.8365	11.8945	126.18	37.1643	108.902	143.145	60.7812	86.1005	32.8271	82.5952	32.9648	4.44598	12.9742	37.205	3.43355	1.53066	2.40774	12.6269	2.39974	0.378801	2.97524	22.7402	106.61	559.329	718.751	70.0813	201.972	43.4953	29.3415	18.9003	
789.553	217.381	113.391	324.002	55.9016	177.466	82.823	17.7667	21.8717	30.1944	93.3998	55.3173	91.8786	7.47906	2.43372	13.8998	6.54711	4.251	13.0571	5.43597	94.2235	27.796	44.9114	118.505	33.4484	21.8686	32.0373	0.941076	9.77731	16.0236	74.6085	8.48245	4.51313	4.36357	31.1703	7.13596	70.8654	23.2941	69.7919	93.7779	36.4569	56.3942	15.1247	38.0463	21.1215	2.84929	8.31476	22.3207	2.24891	0.781541	1.41306	7.4089	1.40806	0.217474	1.78457	16.6409	69.246	215.592	491.511	54.0768	91.1715	29.6524	21.8481	10.6733	
675.047	174.828	101.307	419.19	70.1158	119.116	61.3087	17.0536	28.5664	39.1255	122.015	78.9126	120.028	9.7683	3.17865	18.5622	8.183	5.8032	17.0575	7.09985	67.5579	24.2935	32.2013	84.9487	22.945	16.025	22.4658	0.769961	12.4949	20.9329	101.851	10.6019	5.25851	3.76868	26.0068	4.92538	56.7058	29.6184	48.9409	64.3299	35.568	37.8519	14.4316	35.4817	15.0147	2.12873	6.63585	16.7569	2.00395	0.749842	1.40897	5.79953	1.23036	0.109637	1.45976	18.3436	62.4134	146.758	377.534	96.8905	88.5969	30.2373	23.3325	11.9875	
2147.21	597.711	282.392	822.5	150.231	413.74	169.214	37.3519	49.1194	76.4821	196.403	154.836	197.502	18.7495	5.46562	37.2313	16.4131	11.3865	29.3301	14.5574	229.552	78.9924	109.415	288.706	79.7155	53.2774	78.0507	2.50359	25.6192	38.4494	183.009	22.7157	13.111	10.8672	77.6276	17.385	168.889	59.4074	166.331	223.495	92.8133	134.401	49.0473	123.379	46.0971	20.8491	19.3848	46.6174	5.24306	2.28647	3.59743	16.8971	3.58468	0.495982	4.44436	52.293	265.073	629.904	947.952	131.948	521.089	83.861	67.4436	36.9168	
724.008	175.34	97.3364	423.293	72.3929	159.192	56.6936	16.1242	29.4941	39.5084	92.5829	79.685	108.577	9.03496	2.63377	19.1608	7.08527	4.9143	16.483	6.86224	75.7172	26.0555	35.3051	93.1571	25.7218	20.0532	28.1131	0.825805	12.3426	19.7877	96.2789	10.475	4.45402	4.15655	26.8514	5.4323	63.5544	29.2639	54.8638	70.5304	34.174	42.4234	16.1746	40.0039	16.9283	2.01227	6.27421	16.1925	1.93646	0.708977	1.32429	6.22153	1.37926	0.186643	1.67282	24.8739	78.6887	166.595	378.638	55.3049	102.991	43.9634	30.9641	16.3231	
1199.81	302.972	130.594	764.316	130.716	202.377	109.353	24.4159	53.2557	74.547	237.703	157.118	238.98	16.6768	5.79694	36.1538	15.2554	10.8164	33.2231	14.4537	112.406	35.7591	49.7934	119.685	36.8648	27.1247	38.8727	1.14337	27.1662	40.7712	207.3	25.1765	10.0214	6.15707	43.4337	9.38655	87.9557	55.217	73.2537	111.703	60.7364	57.929	25.1696	66.1479	22.9634	3.25568	12.6463	27.3705	3.27323	1.39792	2.50481	9.03524	2.18729	0.252515	2.34533	32.7255	108.137	205.363	509.799	77.9835	151.356	56.5822	100.18	35.3317	
298.497	77.7844	24.7328	177.147	26.7786	41.3499	21.0731	5.5835	11.8744	4.81574	26.3878	24.1016	27.5406	2.66504	0.623461	4.96932	2.14302	1.85255	4.18182	3.51919	21.0092	10.2798	13.3295	32.9254	9.50005	4.18014	6.83592	0.209834	4.86213	7.2971	36.2945	3.31081	2.27114	1.26691	10.5567	1.81564	27.9963	10.0492	16.9931	26.629	14.0894	15.6686	5.97389	15.365	5.25712	0.827077	2.94204	5.93333	0.795916	0.332154	0.596338	1.66328	0.399918	0.0474251	0.425057	6.23747	22.7707	46.7671	88.0475	14.1645	29.2896	10.5452	12.491	11.4609	
