498.85	72.3884	28.4063	78.8558	19.0485	55.5934	22.9927	3.74053	5.10438	7.04662	28.071	15.2156	19.0368	1.53062	0.121254	2.98047	0.527155	0.810262	3.20189	1.85571	25.0558	18.6318	12.5245	32.3351	8.00399	4.57812	6.22939	0.0256296	2.31863	3.9491	15.6956	1.59024	0.0262462	0.876752	11.036	2.05054	24.0913	5.3791	19.6146	28.4722	16.903	17.0857	5.33265	13.3617	5.34466	0.623536	1.17825	1.634	0.436624	0.158322	0.498902	0.442936	0.249654	0.00296304	0.111484	2.05828	7.64677	34.975	75.4094	6.71455	11.1583	4.25003	2.3406	2.48844	
326.86	133.15	32.8708	88.792	47.2175	68.118	30.5771	4.9744	6.78371	7.8168	29.1036	19.8568	24.8436	1.76429	0.139766	3.89213	0.6884	1.0581	4.18128	2.46624	30.3633	18.0663	12.1444	38.9305	7.97583	5.53347	7.52932	0.0307173	3.08146	5.24835	20.7513	2.1011	0.713297	1.15916	14.6763	2.51741	29.5765	7.10713	24.0648	34.9548	20.7515	20.9758	6.54679	16.4039	6.56153	0.765503	1.44557	3.46984	0.536034	0.194369	0.612492	0.543784	0.306495	0.00363766	0.133614	1.94711	7.23847	33.1075	71.3829	6.95704	10.5625	4.40637	2.42513	2.57999	
296.574	76.0042	79.1229	77.0815	20.836	64.0977	25.4959	4.14777	5.5544	6.89255	27.4572	16.2585	20.3416	1.49618	0.118603	3.18682	0.563286	0.86636	3.42357	2.01932	34.9039	23.2548	15.6322	45.456	9.98998	6.43583	8.75146	0.0362175	2.52305	4.29727	18.0966	1.83231	0.622046	1.01087	12.2375	2.36268	27.7586	6.19792	22.6298	32.8277	23.4398	19.6993	6.15239	15.3957	6.16625	0.719387	1.35849	3.25869	0.503742	0.182541	0.575594	0.510692	0.288031	0.00366474	0.157539	2.56565	9.53173	43.5965	93.9981	7.78205	13.9089	4.92891	2.28794	2.43404	
1538.91	383.76	144.082	2571.75	167.664	274.208	135.165	42.839	60.2721	80.9653	297.558	181.661	227.283	18.2743	1.44767	214.681	158.874	9.68012	38.2526	22.1124	123.505	94.5041	63.5268	159.489	40.5977	22.581	30.7257	0.127488	27.6105	47.057	172.208	16.3816	5.56134	6.34991	60.833	12.4202	118.828	48.1535	96.7468	140.345	83.3721	84.2731	26.3027	65.9051	26.3619	3.07552	5.8078	13.9406	2.15359	0.780904	2.46077	2.18473	1.23139	0.0146148	0.554547	10.44	38.7858	177.4	382.491	44.2276	56.5972	23.626	21.6592	23.0273	
797.578	437.848	83.5616	359.727	573.445	179.467	116.536	31.9095	36.3456	38.3124	140.894	97.324	121.766	8.64731	0.685478	19.0765	3.37405	5.18607	20.7079	12.3578	77.187	45.9267	30.8724	98.966	20.2755	14.0667	19.1404	0.0780871	16.2859	27.4334	116.054	11.0398	3.74545	4.27654	52.1767	8.36477	78.0248	32.4304	63.4848	92.1533	54.744	55.2996	17.2709	48.4566	17.3098	2.12724	4.01708	9.1537	1.48958	0.512759	1.6158	1.43454	0.808556	0.00959641	0.339663	4.75119	17.6628	80.7864	174.07	20.874	25.7571	10.7521	10.2224	10.8752	
474.22	128.684	52.3696	119.856	36.5618	243.139	46.0967	7.49919	9.74657	11.2309	41.2748	28.5295	35.6943	2.53486	0.20081	5.59206	0.989066	1.52024	6.00749	3.54339	48.6584	28.8956	19.4239	62.3877	12.7733	64.1776	12.0582	0.0491937	4.42731	7.54062	35.9292	3.63789	1.23502	2.00699	22.4733	4.69393	55.1479	12.3054	44.9294	65.1763	38.7182	39.1112	12.215	30.5866	12.2425	1.42828	2.69715	6.46983	1.00013	0.362653	1.14279	1.01459	0.571859	0.00678715	0.0477365	2.9069	10.7995	49.395	106.5	9.39093	15.7589	5.94792	3.27355	3.48258	
1465.24	431.543	155.622	441.374	177.365	344.377	388.56	44.9657	44.5949	47.0081	172.873	119.414	149.403	10.61	0.84106	23.4062	4.13985	6.36315	25.4079	15.1627	144.594	85.8664	57.7204	185.392	37.9573	26.3511	35.8323	0.146185	20.8176	35.067	174.977	17.7282	6.01459	9.77414	123.752	19.3681	176.368	59.9669	128.824	186.999	111.015	112.215	35.7132	114.855	37.7777	5.04538	9.52769	21.2638	3.53067	1.11907	3.52639	3.13081	1.76463	0.0209437	0.635875	8.75689	32.533	148.8	320.828	31.2072	47.4729	19.7657	12.5426	13.3435	
1492.67	439.62	158.535	875.973	304.114	350.822	281.573	196.712	88.5053	93.3553	343.093	237.148	296.705	21.0708	1.66921	46.4532	8.21616	12.6286	50.4259	30.0926	147.204	87.9295	59.1457	188.739	38.6677	26.8268	36.5029	0.148921	48.8273	82.3026	348.172	33.1204	11.2367	12.83	126.068	25.095	179.552	97.2939	131.235	190.498	113.093	114.315	39.1799	126.085	41.4717	5.73287	11.4112	23.3279	4.23139	1.2277	3.87121	3.43472	1.93718	0.0229767	0.647775	9.71367	36.111	165.058	355.881	50.8633	52.6597	23.6424	24.8926	26.4822	
147.656	43.4594	15.3896	89.3403	25.1101	33.0525	20.243	6.41578	17.8621	10.4759	38.5004	27.2418	34.0833	2.36447	0.187312	5.33966	0.944425	1.45163	6.03468	3.60131	14.2156	8.96791	6.03226	18.2266	3.8525	2.59068	33.2385	0.0143813	4.49969	7.66389	25.8075	2.45338	0.832892	0.950992	9.06928	1.86011	14.3699	7.21169	11.692	16.9719	10.0757	3.1857	3.18079	9.34579	3.18795	0.424936	0.845829	1.72912	0.313642	0.0943737	0.297582	0.264028	0.148912	0.00176623	0.062556	0.990695	3.68056	16.8342	36.2962	5.70766	5.37076	2.65304	2.79516	2.97172	
290.837	71.4505	27.2477	171.234	37.7655	54.3407	30.4454	9.65559	14.9469	63.6505	97.8411	49.858	73.577	5.95828	0.472317	11.527	2.03877	3.13369	11.7406	6.02957	23.3715	17.8719	12.0137	30.0439	7.67754	4.25927	5.79553	0.0241096	7.53369	12.8398	42.2093	4.01784	1.36312	1.55539	13.6402	3.0423	23.6098	11.8027	19.2101	27.9031	16.5651	16.7442	5.22606	15.2855	5.24123	0.695003	1.38339	2.82806	0.512977	0.155157	0.489247	0.434082	0.244823	0.00290381	0.104872	1.97433	7.33489	33.5485	72.8055	15.19	11.3039	7.06063	7.43885	7.90873	
459.636	105.539	43.062	249.66	55.0983	79.2292	44.4185	14.0779	21.7928	38.8159	1302.92	93.8503	139.129	11.5185	0.912485	21.6978	3.83768	5.8987	22.0998	8.79688	34.0758	28.2446	18.9863	47.4811	12.1335	6.34882	8.63875	0.0380778	10.9913	18.7205	61.5416	5.85805	1.98873	2.26777	19.8875	4.43569	34.4457	17.2197	28.0266	40.683	24.1678	24.4131	7.62459	22.2864	7.64176	1.01398	2.01831	4.12334	0.747924	0.226368	0.713327	0.633307	0.356954	0.00423653	0.165631	3.12021	11.592	53.0197	115.061	24.0061	17.8645	11.1585	11.7563	12.4989	
1166.42	337.119	119.379	713.592	178.186	256.391	143.648	45.5572	72.1927	92.6046	439.385	793.228	395.604	26.9845	2.13769	61.9775	10.9619	16.849	63.3314	29.1413	110.272	71.6298	48.1504	141.386	30.7712	20.0961	27.3446	0.111557	36.4108	62.0151	203.868	19.4059	6.58805	7.51243	64.3573	14.6941	111.396	57.0434	90.6962	131.653	78.158	79.0026	24.6737	73.8278	24.7293	3.359	6.68603	13.6593	2.47764	0.732066	2.30838	2.04809	1.15513	0.0137008	0.485253	7.91302	29.3979	134.461	289.911	50.16	42.8981	23.3154	24.5644	26.116	
1323.06	382.392	135.41	809.422	202.115	290.823	162.939	51.6752	81.8876	123.897	590.539	358.658	2004.95	56.9784	4.3666	132.579	23.434	36.0426	114.932	36.0629	125.08	81.2492	54.6166	160.373	34.9036	22.7949	31.0167	0.126457	45.0591	76.7948	252.455	24.0308	8.15284	9.30282	79.0247	18.196	126.356	70.5923	102.809	149.333	88.654	89.6121	28.4088	91.4227	30.0706	4.15953	8.27948	16.9147	3.06812	0.890185	2.80696	2.49046	1.40462	0.0166601	0.550061	8.97568	33.3458	152.518	328.843	60.5202	48.659	28.1311	29.6187	31.5101	
822.557	209.979	77.0128	503.223	110.986	159.697	89.4731	28.3759	43.9262	77.5801	378.039	189.168	440.578	173.016	5.72904	149.986	20.6146	28.4263	56.73	17.7197	68.6842	50.5131	33.9555	88.0641	21.6998	12.5172	17.0319	0.0694851	22.1401	37.7336	124.045	11.8077	4.00594	4.571	40.0858	8.94072	69.3846	34.6859	56.4914	82.0019	48.6818	49.2079	15.3684	44.9211	15.403	2.04248	4.06817	8.31113	1.50754	0.455977	1.4378	1.27568	0.719487	0.00853374	0.302246	5.58024	20.7313	94.8215	204.444	38.7426	30.2516	18.0084	18.9607	20.1715	
827.734	211.301	77.548	506.39	111.757	160.702	90.0948	28.5545	44.2027	78.1192	380.419	190.358	428.895	72.7741	301.184	118.898	147.906	28.6611	44.8255	17.8429	69.1165	50.8311	34.1915	88.6184	21.8364	12.5959	17.1391	0.0699225	22.2939	37.9711	124.826	11.882	4.03378	4.59977	40.3381	8.997	69.8667	34.927	56.8469	82.518	49.02	49.5176	15.4651	45.2038	15.4999	2.05667	4.09378	8.36345	1.51703	0.459146	1.44685	1.28455	0.724015	0.00859303	0.304149	5.61536	20.8754	95.4183	205.731	38.9865	30.442	18.1217	19.0925	20.2985	
184.929	53.4829	18.939	682.55	28.2686	40.6757	22.7893	7.22281	11.4531	17.3287	82.2202	50.1634	118.361	17.317	1.08069	109.142	10.6638	14.7047	16.9659	5.20376	17.4829	11.3638	7.63891	22.4158	4.88176	3.18612	4.33531	0.0176867	6.49765	11.074	36.4047	3.46531	1.17643	1.34149	11.3956	2.62392	17.6726	10.1796	14.3793	20.8727	12.3995	12.5335	4.09663	13.1834	4.33626	0.599816	1.19392	2.43915	0.442432	0.128367	0.404772	0.359132	0.202551	0.00240243	0.0769338	1.25538	4.66388	21.3318	45.9934	8.42617	6.80564	3.91666	4.12647	4.38712	
253.575	73.3359	25.9524	3915.99	38.7621	55.7746	31.2488	9.90394	15.7046	23.7612	112.741	68.7842	162.192	18.4521	10.4222	82.6723	463.401	21.7705	23.2486	7.13078	23.9726	15.5821	10.4745	30.7367	6.69388	4.36882	5.94459	0.0242521	8.9096	15.1848	49.9183	4.75164	1.61207	1.83946	15.6257	3.59793	24.2328	13.9583	19.717	28.6208	17.0023	17.186	5.61731	18.0772	5.9459	0.822469	1.63711	3.34457	0.606664	0.176018	0.555025	0.492443	0.277738	0.00329422	0.105492	1.72138	6.39513	29.2502	63.0663	11.554	9.33192	5.37054	5.65823	6.01564	
416.14	120.351	42.618	254.751	63.6121	91.5314	51.2821	16.2533	25.7727	38.9943	185.018	112.881	266.345	27.1666	2.15632	121.717	23.2442	283.757	38.1531	11.7023	39.3412	25.5717	17.1896	50.4417	10.9853	7.16963	9.75563	0.0398	14.6215	24.9196	81.9205	7.79789	2.64556	3.01873	25.6432	5.90453	39.7683	22.9069	32.3574	46.9694	27.9023	28.2038	9.21852	29.6663	9.75777	1.34975	2.68666	5.48875	0.995592	0.288861	0.910848	0.808145	0.455794	0.00540612	0.173122	2.82494	10.495	48.0023	103.498	18.9612	15.3146	8.81356	9.28569	9.87222	
746.637	215.934	76.4651	457.074	115.326	164.225	92.9722	29.4665	48.6462	66.3321	314.729	192.644	385.619	24.616	1.53121	63.7619	11.2702	17.3229	215.598	22.7882	70.6319	45.8808	30.8416	90.5613	19.7098	12.8721	17.5035	0.0714091	28.4728	48.5266	159.526	15.185	5.15178	5.87845	49.9357	11.4981	71.3521	44.6073	58.0555	84.3272	50.0622	51.2987	17.9515	57.77	19.0016	2.6267	5.2284	10.6884	1.93875	0.562508	1.77372	1.57372	0.887581	0.0105275	0.310615	5.0685	18.8301	86.1257	185.695	32.2543	27.4773	14.9925	15.7956	16.8043	
91.9176	27.054	9.58018	56.1237	14.619	20.5755	11.7854	3.73525	6.16653	7.23613	26.611	18.8292	25.7018	1.63323	0.129467	4.15419	0.734273	1.12861	4.84055	10.1874	8.84935	5.63365	3.78701	11.3463	2.42014	1.61272	2.19441	0.00895254	4.51368	7.69273	25.2726	2.40722	0.81669	0.931886	7.91609	1.82274	10.6131	7.0714	7.27841	11.0355	6.27221	8.12689	2.84578	9.15804	3.01029	0.416399	0.828837	1.69439	0.307341	0.089172	0.280998	0.249476	0.140613	0.00166888	0.0389417	0.622356	2.31213	10.5753	22.8013	3.9425	3.37392	1.83256	1.93072	2.05401	
1883.29	505.434	251.283	475.679	138.561	428.756	170.545	27.7268	36.9372	42.5624	156.422	108.12	135.273	9.60655	0.761023	21.1788	3.7459	5.75762	22.767	13.4286	424.571	164.177	121.822	393.32	80.5809	55.9053	76.0697	0.310341	16.7785	28.5772	120.971	12.2486	4.15823	6.75741	81.8577	15.8042	185.68	41.4316	151.275	234.183	203.612	131.685	44.6083	102.983	41.2198	4.80893	9.08117	21.7977	3.36739	1.22103	4.78065	3.41607	1.92542	0.0313821	1.34992	13.939	51.7852	236.857	510.686	42.2794	75.5662	26.7784	13.0004	13.8216	
662.623	142.294	79.2147	172.22	39.0089	120.472	47.9197	7.8364	11.0254	15.3997	61.3465	33.2306	41.5761	3.34285	0.264818	6.51354	1.15205	1.77075	6.99742	4.04495	77.6808	117.469	54.2684	126.761	34.681	16.9495	23.063	0.108202	5.05399	8.60798	33.9906	3.44161	1.16838	1.8987	23.0004	4.44067	52.1724	11.649	43.1174	70.9078	61.6513	37.025	13.5069	28.9363	11.9723	1.39676	2.63763	6.32706	0.978062	0.35442	1.44659	0.991557	0.559239	0.0109415	0.470658	6.08557	22.6087	103.408	222.958	18.4586	32.9911	11.6911	5.11184	5.43826	
1759.97	377.944	210.4	457.428	103.61	319.982	127.278	20.8276	29.3032	40.9028	162.941	88.2629	110.429	8.87885	0.703833	17.3004	3.05992	4.70324	18.5857	10.7437	227.752	214.427	510.32	388.445	154.94	61.6632	100.849	0.483402	13.4237	22.8634	90.2815	9.14709	3.1033	5.04308	61.0907	11.7947	138.574	30.9407	126.333	207.894	180.637	106.181	39.6007	76.8568	35.1016	4.09514	7.73326	18.5502	2.86571	1.03912	4.24123	2.90714	1.63963	0.048914	2.1027	16.1637	60.0894	274.838	592.192	49.0592	87.6267	31.0524	13.5774	14.4444	
1176.45	313.687	158.406	297.338	85.9948	266.098	105.845	17.2081	22.9243	26.4842	105.503	67.1024	83.9544	5.9621	0.472312	13.1442	2.32481	3.57334	14.1299	8.33419	190.387	129.68	100.574	841.513	84.9438	58.2088	79.2041	0.327144	10.4132	17.7358	75.0784	7.60181	2.58071	4.19384	50.8032	9.80854	115.238	25.7136	106.989	176.061	152.978	89.9218	33.5369	63.9144	29.7267	3.46808	6.54912	15.7098	2.4269	0.880007	3.5918	2.46199	1.38856	0.0330812	1.42301	10.4727	38.9073	177.955	383.689	31.7654	56.7744	20.1192	8.79697	9.35263	
1227.4	270.872	146.732	319.009	74.2574	229.629	91.3388	14.8593	20.4227	28.5255	113.634	61.5544	77.013	6.19209	0.490532	12.0653	2.13398	3.28003	12.9616	7.4926	164.401	149.541	169.083	358.025	651.052	56.8342	124.291	0.62961	9.3556	15.9449	64.7888	6.56424	2.22847	3.61907	43.8406	8.46427	99.4448	22.204	92.0264	151.438	131.584	77.3462	28.8468	55.1548	25.5694	2.98307	5.63322	13.5127	2.0875	0.756937	3.08948	3.29686	1.26468	0.0636669	2.73868	11.2725	41.8789	191.547	412.994	34.1915	61.1107	21.6558	9.46885	10.0735	
948.311	253.845	127.688	239.678	69.5896	1558.44	85.6529	13.9253	18.551	21.3762	80.3155	54.3013	67.9384	4.82471	0.382209	10.6367	1.88131	2.89166	11.4343	6.74427	154.066	98.7211	90.8961	331.401	76.7702	787.974	121.189	0.295665	8.42668	14.3524	65.941	6.67663	2.26663	3.68343	41.1115	8.6092	99.6466	22.5842	94.9502	156.25	135.764	79.8036	29.7633	56.1357	26.3818	3.07784	5.81219	13.9421	2.15382	0.780986	3.18764	2.18496	1.23232	0.029898	1.28608	7.96731	29.6188	135.383	291.899	24.1662	43.1924	15.3061	6.69248	7.11984	
2082.93	557.561	280.279	526.445	152.851	472.667	188.011	30.5864	384.204	46.9519	176.41	119.271	149.224	10.5973	0.839509	23.3631	4.13222	6.35142	25.0987	14.8135	338.401	216.837	239.97	727.91	271.013	195.628	1369.5	1.04851	18.5089	31.5245	144.837	14.665	4.97857	8.09053	90.2412	18.9098	218.87	49.6053	208.555	343.197	298.201	175.286	65.374	123.22	57.9467	6.75598	12.7663	30.6232	4.73079	1.71541	7.00154	5.49037	2.70674	0.106027	4.56081	17.4999	65.0144	297.365	641.146	53.0802	94.8705	33.6193	14.6998	15.6385	
610.509	162.047	82.632	155.611	44.4238	137.373	54.6426	8.88946	11.8424	13.9146	55.3941	34.6642	43.3416	3.07994	0.24399	6.79012	1.20097	1.84594	7.29456	4.30533	98.3512	72.4726	81.9433	214.185	97.8003	34.0005	74.6952	125.95	5.37933	9.1621	38.7845	3.92699	1.33316	2.16649	26.2272	5.06367	59.4919	13.2833	55.0897	90.5966	78.7698	46.2716	17.2573	32.9959	15.2967	1.78459	3.37002	8.08388	1.24964	1.12791	1.92051	13.272	5.09117	0.385504	18.2335	5.49868	20.4283	93.4355	201.456	16.6784	29.8094	10.5636	4.61885	4.9106	
1406.74	414.043	146.618	858.378	235.984	314.895	198.195	74.2362	94.3746	110.744	407.263	288.168	393.349	24.9955	1.98141	63.5359	11.2376	17.2727	74.0814	55.2871	135.434	86.2194	57.9577	173.647	37.0147	24.6817	33.5841	0.137013	583.591	170.863	620.83	94.7328	31.973	24.0827	177.893	40.9613	238.502	245.954	145.882	247.994	136.002	182.631	63.9513	205.803	67.6483	9.94705	19.7995	38.0769	7.33707	2.00391	6.31469	5.60631	3.15991	0.0375037	0.595591	9.51856	35.3857	161.848	348.96	60.3374	51.6356	28.0461	29.5485	31.4353	
288.414	84.8886	30.0602	176.102	47.8505	64.5608	40.188	15.0627	19.349	22.7199	83.4985	59.0812	80.6983	5.128	0.406236	13.0348	2.30546	3.54361	15.1983	11.3425	27.767	17.677	11.8827	35.6017	7.5938	5.06032	6.88552	0.0280908	20.5676	58.8082	115.235	10.9691	3.72144	4.24636	36.0715	8.30574	48.3925	32.2225	29.5806	50.2858	27.5771	37.0561	12.9674	41.7307	13.726	1.89742	3.77679	7.72086	1.40047	0.406333	1.28126	1.13679	0.641153	0.00760463	0.122189	1.9528	7.25489	33.1826	71.5449	12.3786	10.5865	5.75384	6.05813	6.44498	
1471.16	430.76	162.465	827.099	259.795	394.796	257.361	81.7799	83.6216	95.8565	352.285	249.267	340.47	21.6353	1.71393	54.9946	9.72687	14.9507	64.1224	47.8236	150.854	89.5838	60.2193	193.418	39.6006	29.8383	40.6006	0.152613	95.9118	147.893	2402.55	86.206	29.2468	28.7754	230.999	53.1893	309.701	280.809	189.432	322.026	176.602	237.15	83.0425	267.24	87.843	12.1509	24.1863	49.4438	8.96851	2.60213	8.19978	7.27994	4.10323	0.0486995	0.663403	9.17767	34.0962	155.95	336.244	52.226	49.754	24.2758	25.5596	27.1917	
472.572	138.28	52.1537	249.449	78.3529	126.735	82.6704	24.6645	25.2035	28.9287	106.317	75.2267	102.751	6.52936	0.51725	16.5969	2.93549	4.51199	19.3516	14.4422	48.4263	28.7577	19.3439	62.0902	12.7206	9.57852	13.0334	0.0489909	46.4006	44.633	273.313	351.874	42.1128	12.1923	74.2024	17.1301	99.4831	141.99	60.85	103.375	56.6917	76.1783	26.6752	85.7881	28.2172	4.37623	8.71082	15.8722	3.23006	0.840222	2.63396	2.33697	1.31805	0.0156434	0.213101	2.89303	10.755	49.1914	105.992	15.7614	15.6837	7.32623	7.71366	8.20623	
26.2387	157.926	59.5632	284.889	89.4265	144.741	94.3541	28.1503	28.7842	33.0172	121.421	85.9142	117.273	7.45214	0.590736	18.9548	3.35036	5.14966	22.0866	16.4833	55.3062	32.8434	22.0777	70.9114	14.5279	10.9394	14.885	0.0559511	52.6836	50.9409	311.94	141.672	1077.93	29.4619	84.6893	23.5608	113.617	175.318	69.4498	118.062	64.7459	87.001	30.4452	113.185	32.5207	7.46877	14.8665	25.4334	2.46698	1.43398	3.00817	2.66899	1.50531	0.0178543	0.243376	3.30405	12.275	56.1436	121.051	17.9889	17.9119	8.36164	8.80955	9.3721	
682.816	199.93	75.4055	253.405	79.5438	183.238	119.45	25.0393	25.6032	29.3493	107.862	76.3204	104.245	6.62429	0.524771	16.8382	2.97817	4.57759	19.633	14.6521	70.0162	41.5788	27.9498	89.7719	18.3799	13.8489	18.8441	0.0708327	30.9136	45.2819	239.093	31.9527	22.9516	74.3355	107.214	32.1006	143.742	102.94	87.9216	149.463	81.9667	110.141	38.5428	154.31	44.3081	10.1759	20.255	34.6519	7.51076	1.95374	3.80579	3.37886	1.90444	0.022603	0.308108	4.18284	15.5398	71.0763	153.247	15.9905	22.676	9.15725	7.8309	8.32554	
614.141	180.877	65.2273	173.467	69.3459	146.611	108.066	17.5806	17.447	18.3911	67.5897	46.7185	63.2752	4.15097	0.328836	10.2205	1.8077	2.77853	11.9169	8.89363	60.6049	35.99	24.1929	77.7051	15.9094	11.0448	15.0187	0.0612717	16.3168	27.4855	137.147	13.8954	4.71423	7.66096	532.551	15.1807	116.288	47.002	65.408	108.478	59.4902	79.9387	27.992	90.0229	29.6101	3.952	7.46779	16.6665	2.76734	0.877125	2.76398	2.45392	1.38312	0.0164156	0.26652	3.67035	13.6358	62.368	134.471	13.0802	19.8977	8.28457	4.90707	5.21702	
76.0949	20.6894	8.39793	23.6177	7.41358	20.4205	11.2785	2.3337	2.38625	2.73539	10.0529	7.11316	9.71577	0.617392	0.0489093	1.56934	0.277569	0.426637	1.82982	1.3656	7.8028	4.63366	3.1148	10.0044	2.04831	1.54236	2.09867	0.00788866	2.50541	4.22033	21.0586	2.13916	0.874584	1.52958	10.1233	10.613	13.9933	7.23585	9.79823	16.7108	9.13459	12.3144	4.3121	16.6252	4.77371	0.770803	1.45558	3.24855	0.539395	0.153179	0.425785	0.377776	0.213066	0.00252715	0.0343141	0.466147	1.7318	7.92094	17.0783	1.5069	2.52708	0.954423	0.72985	0.775951	
214.954	58.4438	23.7226	54.328	16.6266	57.6842	24.6936	4.01464	4.43229	5.10396	18.7699	12.9655	16.2216	1.15199	0.0913191	2.54136	0.44949	0.690887	2.73016	1.91178	22.0415	13.0892	8.79874	28.2607	5.7861	4.29223	5.84039	0.022284	3.50747	5.91213	29.4812	2.98696	1.01403	1.64681	18.645	3.36448	107.767	10.1036	25.7348	38.0918	22.6138	22.8582	7.13432	19.9517	7.15504	0.875877	1.65508	3.78124	0.613322	0.211812	0.667893	0.592585	0.334218	0.00396412	0.271578	1.31678	4.892	22.3752	48.243	4.25671	7.13852	2.69607	1.48383	1.57858	
1425.68	417.17	157.34	653.975	205.282	382.341	249.404	64.6202	66.0754	75.7923	278.727	197.22	269.205	17.1067	1.35606	43.4834	7.69089	11.8213	50.7006	37.838	146.095	86.8141	58.3575	187.317	38.3762	28.897	39.3197	0.147798	107.444	116.937	794.038	126.638	46.4797	35.0322	223.857	51.679	300.126	983.699	183.575	311.867	171.03	229.818	80.475	258.81	85.1271	13.2024	26.2792	47.9151	9.74461	2.53647	7.94627	7.05487	3.97637	0.0471938	0.642893	8.72784	32.4461	148.403	319.971	41.2943	47.3461	19.1945	20.2227	21.5001	
380.707	103.443	42.07	96.2208	29.4285	102.231	39.2362	6.38309	7.84497	9.0338	33.2219	22.9633	28.7115	2.0403	0.161631	4.4981	0.795578	1.22284	4.83226	2.85206	39.0632	23.5316	17.4496	57.0756	11.6478	8.89698	12.106	0.0448882	4.66692	7.86138	39.2267	3.97435	1.34836	2.19119	22.8131	5.12473	55.9818	13.4435	140.415	99.4499	59.1169	48.6604	18.5779	33.3938	17.0333	1.9872	3.75262	9.0075	1.39151	0.504569	1.58999	1.41163	0.795643	0.00944314	0.195255	2.33367	8.6699	39.6546	85.4992	7.53909	12.6513	4.77503	2.62973	2.79584	
601.071	163.425	66.3782	151.817	46.4625	161.301	61.9473	10.0778	12.3859	14.2721	52.4518	36.2551	45.3601	3.22129	0.255188	7.10174	1.25608	1.93066	7.63428	4.70335	65.7734	42.0908	31.2321	102.157	20.8478	15.9243	21.668	0.0802911	8.62905	14.5355	72.5294	7.34372	2.4931	4.05146	41.1519	9.50637	90.1262	24.8406	108.168	295.343	105.948	89.3311	39.1698	61.9857	35.4955	4.1411	7.82004	18.7584	2.89975	1.05078	3.31336	2.93976	1.65803	0.0196656	0.34925	3.68208	13.6794	62.5672	134.901	11.9029	19.9613	7.53406	4.1492	4.41129	
317.187	86.2398	42.1294	80.1665	24.5343	85.1744	32.6897	5.31809	6.53606	7.53143	27.6969	19.1319	23.9366	1.69988	0.134751	3.75004	0.663269	1.01948	4.02863	2.3762	50.8328	32.5298	24.122	78.9005	16.1017	12.2991	16.7352	0.0620528	4.20642	7.08566	35.356	3.57985	1.21531	1.97497	20.0604	4.61905	47.5598	12.1091	57.1547	94.176	233.476	43.973	24.2383	30.0987	18.0733	2.10715	3.98173	10.2925	1.47551	0.576552	2.5976	1.65766	0.934313	0.011089	0.269917	2.62533	9.75343	44.6105	96.1845	7.96306	14.2324	5.04355	2.20526	2.34608	
361.785	98.3657	39.953	91.4384	27.9658	97.0873	37.2861	6.06584	2.33192	8.59039	31.5708	21.8219	27.3023	1.9389	0.153598	4.27732	0.756528	1.16282	4.65823	3.47419	37.0976	22.0446	15.9999	52.334	10.6801	8.15787	11.1003	0.0411324	6.37396	10.7438	53.5748	5.42806	1.84276	2.99461	30.4171	7.02657	54.247	18.3608	53.0864	89.6017	49.6197	121.801	23.1211	45.7865	24.4576	2.85336	5.38828	12.9252	1.99803	0.724495	2.28302	2.02691	1.14244	0.0135591	0.178918	2.21625	8.239	37.6837	81.2497	7.16439	12.0225	4.5377	2.49741	2.65516	
626.189	170.254	69.197	158.265	48.4356	168.151	65.8068	11.5291	12.9119	14.8685	54.6792	37.7947	47.9986	3.35808	0.266025	7.75299	1.37127	2.10771	9.03981	6.74643	69.6898	44.5971	33.0918	108.24	22.0892	16.8725	22.9582	0.0850719	12.3774	20.8496	104.035	10.5406	3.57607	5.81137	59.0662	13.6447	93.8925	35.6543	112.395	217.876	151.675	128.219	112.269	88.9116	60.4457	7.05192	13.3255	34.4232	4.93802	1.92952	6.24856	5.544	3.12682	0.0370868	0.370046	3.83844	14.2603	65.2242	140.63	12.4004	20.809	7.854	4.32259	4.59862	
832.395	226.32	91.8643	210.382	72.0954	223.379	112.278	19.6835	20.1268	23.0716	84.791	59.9957	81.9474	5.20737	0.412524	13.2366	2.34115	3.59846	15.4335	11.5181	85.3542	50.6872	34.0726	109.438	22.4063	16.8827	22.9572	0.0862934	21.1318	35.5963	177.618	17.9841	7.05312	12.3434	100.777	27.9092	139.304	60.8325	107.182	182.917	99.9225	134.706	47.1697	424.197	58.7006	9.4783	17.8988	39.9463	6.63706	1.88481	4.65763	4.13514	2.33071	0.0276622	0.375359	5.09914	18.944	86.6465	186.818	16.4838	27.6435	10.4403	6.1559	6.54474	
587.579	159.757	64.9304	148.506	45.4492	157.783	65.1722	11.4254	12.1157	13.9608	51.3078	35.4643	47.5666	3.15103	0.249622	7.68321	1.35893	2.08874	8.95845	6.68137	60.2898	37.0096	27.4618	89.8246	18.3311	14.0019	19.0522	0.0705983	12.258	20.662	103.032	10.4389	3.57628	6.25465	58.4965	14.1422	88.1605	35.3104	96.4797	184.848	105.885	126.982	56.5913	103.591	138.727	9.36902	17.6924	52.9708	6.56054	2.96917	6.43023	5.7089	3.21773	0.0381899	0.307089	3.60177	13.3811	61.2026	131.959	11.6358	19.5259	7.36974	4.05607	4.31508	
437.775	119.027	48.3763	110.644	35.6692	117.556	55.5857	10.0863	10.3135	11.8224	43.4772	30.7633	42.0191	2.66839	0.211525	6.78715	1.20044	1.84514	7.90852	5.90215	44.9188	27.574	20.4604	66.9237	13.6575	10.4321	14.1856	0.0525992	11.5107	18.2404	91.0158	10.3391	5.24522	9.1735	49.8596	14.583	68.9205	34.9729	71.882	137.721	78.8378	94.608	42.1632	106.82	59.8325	36.1238	23.9084	41.9523	8.86549	2.30614	4.16599	3.69626	2.08469	0.0247262	0.228796	2.6835	9.96953	45.5989	98.3156	8.66921	14.5478	5.49081	3.15443	3.35586	
836.331	227.242	92.3586	211.239	68.0986	224.435	106.123	20.2975	20.7546	23.7913	87.4927	61.9074	84.5585	5.3733	0.425668	13.6583	2.41575	3.71312	15.915	11.8774	85.7577	52.6434	39.0623	127.769	26.0745	19.9167	27.1004	0.100421	23.1639	36.7066	183.159	20.8063	10.5554	18.4606	95.2524	27.8414	131.666	70.3787	137.235	262.933	150.613	180.623	80.5491	203.938	114.23	24.1714	572.521	142.651	47.9489	11.8177	7.95359	7.28516	4.10883	0.0487343	0.43681	5.12325	19.0335	87.0561	187.701	16.5618	27.7742	10.4829	6.34792	6.75327	
1313.06	617.519	250.817	574.031	175.678	609.494	268.135	46.9762	48.0341	55.0621	202.36	143.185	195.574	12.4278	0.984521	31.5901	5.58734	8.588	36.8334	27.4888	233.042	142.963	106.081	346.979	70.8102	54.0874	73.5961	0.272711	50.4327	84.9533	423.9	42.9205	20.4438	35.7547	240.669	70.3454	340.551	145.276	372.929	714.043	440.762	490.514	235.571	515.279	387.188	48.0175	161.498	1347.69	74.7448	27.8168	34.8732	33.3208	18.7808	0.222901	1.18624	13.9222	51.7227	236.571	510.069	44.9765	75.4749	28.4867	15.6782	16.6794	
339.068	92.1892	37.4687	85.6969	27.6267	91.0502	43.0246	8.23443	8.41987	9.65181	35.4716	25.0987	34.282	2.17846	0.172576	5.53741	0.9794	1.50538	6.4565	4.8185	34.7908	21.3567	15.8368	51.8004	10.5712	8.07469	10.9871	0.0407394	9.39119	14.8914	74.3051	8.44085	1.91633	7.48922	38.6176	11.2875	53.3807	28.5517	55.6745	106.668	61.0619	73.2763	32.6565	82.7349	46.3418	9.80604	52.4587	72.2318	92.9919	0.237668	0.748937	0.664923	0.374773	0.00444803	0.18342	5.46392	20.3124	99.4674	226.349	64.3491	54.499	51.7706	63.4628	39.3897	
51.2654	13.9385	5.66139	12.9569	3.96537	13.7663	5.68617	0.996196	1.05639	1.21727	4.47652	3.09219	4.14741	0.274744	0.0217791	0.669912	0.118487	0.18212	0.781102	0.582939	5.26019	3.22693	2.39444	7.83196	1.59832	1.22085	1.6612	0.0153323	1.06949	1.80155	8.98937	0.915529	0.464463	0.812312	5.10373	1.33658	7.68686	3.09885	8.41769	16.1172	9.94881	11.079	5.32072	9.79679	8.74523	1.0636	5.39105	11.2087	0.0991002	123.37	1.58727	4.08932	8.30477	0.0189106	0.0620903	0.314249	1.16748	5.33983	11.5132	1.0152	1.70361	0.642997	0.353885	0.376483	
12.1983	3.3166	1.34797	3.08303	0.943537	3.27562	1.35299	0.237194	0.251526	0.289831	1.06516	0.736249	0.987496	0.0654163	0.00518222	0.159506	0.0282117	0.0433627	0.18598	0.138707	1.55512	0.994529	0.737958	2.41378	0.492595	0.376262	0.511975	0.0019713	0.25448	0.428948	2.13897	0.216715	0.073572	0.119482	1.2144	0.280536	1.83024	0.733054	2.00294	3.8375	3.3846	2.63619	1.30108	1.82803	1.43009	0.145082	0.273973	1.06107	0.0235804	0.119854	4.43908	0.363459	0.204858	0.00243138	0.00825214	0.0803159	0.298384	1.36476	2.94255	0.243612	0.435409	0.154296	0.0842051	0.0895822	
777.811	211.479	85.8961	196.586	60.1635	208.866	86.2719	15.1145	16.0278	18.4687	67.9189	46.9155	62.9256	4.16848	0.330438	10.1641	1.79772	2.76318	11.8511	8.84449	79.8089	48.9598	36.3291	118.828	37.7531	18.5231	28.834	0.978409	16.2266	27.3336	136.389	13.8096	4.68818	7.61863	77.435	17.8764	116.627	46.7423	127.715	244.535	155.123	168.093	82.9076	116.562	91.1882	9.24498	18.0232	72.8143	1.50357	22.1769	26.1038	1087.62	167.176	2.91914	3.95964	4.76786	17.7132	81.0172	174.681	15.4029	25.8475	9.75572	5.36924	5.7121	
27.1035	7.36917	2.99507	6.85021	2.09645	7.27813	3.00622	0.527022	0.558867	0.643977	2.3667	1.63588	2.19412	0.145349	0.0115144	0.354407	0.0626838	0.096348	0.41323	0.308194	2.78101	1.70716	1.26674	4.14337	0.89534	0.645872	0.87883	0.0232036	0.565432	0.953083	4.7526	0.481521	0.16347	0.265478	2.69829	0.623325	4.06662	1.62878	4.45036	8.52658	5.40541	5.85737	2.89087	4.06171	3.17754	0.322359	0.628443	2.53728	0.0523934	2.7844	0.909612	10.3354	44.3529	0.0452555	0.0939665	0.16614	0.617233	2.82312	6.08691	0.536728	0.900681	0.339947	0.187096	0.199043	
205.438	55.8566	24.3371	51.923	15.8906	55.1665	22.7865	3.99211	4.23333	4.87802	17.939	12.3915	16.6201	1.10099	0.0872766	2.68457	0.47482	0.72982	3.13015	2.33604	28.9479	21.331	24.1342	63.0415	28.7858	10.0074	21.9852	1.12208	4.28584	7.21945	36.0236	3.64982	1.23826	2.01226	20.4524	4.72159	30.804	12.3458	33.7327	64.5875	40.9718	44.3975	21.8979	30.7868	24.085	2.44182	4.76035	19.232	0.397129	4.04919	6.89464	115.257	28.902	21.0416	3.02108	1.61844	6.0127	27.5011	59.2949	4.90899	8.77387	3.1092	1.41814	1.5087	
873.44	231.836	118.22	222.629	63.5561	43.8445	78.1758	12.7179	16.9426	19.9072	79.2511	49.5933	62.0077	4.4064	0.349071	9.71446	1.71819	2.64095	10.4361	6.15954	140.709	103.685	117.234	306.429	139.921	48.6437	106.865	5.99712	7.69107	13.108	55.452	5.61826	1.90732	3.09954	37.5227	7.24447	238.469	19.0041	78.8156	129.614	112.694	66.1997	24.6896	47.2064	21.8846	2.55317	4.82141	11.5654	1.85049	1.50232	2.64425	17.6662	6.78121	0.341381	154.541	7.86682	29.2263	133.676	288.218	23.8614	42.6476	15.1131	6.60808	7.02548	
191.167	40.0504	22.8238	49.6855	10.539	31.6506	12.7626	2.26081	3.18083	4.44283	17.6985	9.58705	11.9947	0.964415	0.0764001	1.87916	0.332366	0.510863	2.01876	1.16697	17.2239	15.8928	10.6833	26.7342	6.82732	3.57238	4.86089	0.0214397	1.45713	2.48341	9.0941	0.904186	0.306959	0.498831	6.12577	1.16666	13.7068	3.05847	11.1671	16.1994	12.994	9.72096	3.036	7.6022	3.04284	0.354994	0.67037	1.6091	0.653482	0.0901363	0.305089	0.252174	0.142134	0.00216801	0.0932583	286.263	100.401	155.396	106.036	10.8788	19.4438	6.89033	2.33357	1.68195	
603.691	126.559	72.0758	156.903	33.303	99.9503	40.3033	7.1441	10.0448	14.0301	55.8905	30.2752	37.8785	3.04555	0.241423	5.93424	1.04959	1.61327	6.37509	3.6852	54.3919	50.1882	33.759	84.4247	21.5602	11.2886	15.3503	0.0677049	4.6045	7.84241	28.7185	2.85721	0.969354	1.57527	19.3447	3.68423	43.2852	9.6647	35.2647	51.1564	41.034	30.718	9.58747	24.0072	9.60906	1.12104	2.11698	5.08143	2.06499	0.284644	0.963447	0.796345	0.448848	0.0068464	0.294503	85.3429	1813.55	452.434	334.853	34.3546	66.8162	21.7591	7.37404	5.31146	
1223.17	256.428	146.037	317.911	67.4771	202.515	81.6609	14.4657	20.3524	28.4273	113.243	61.3423	76.7477	6.17076	0.488843	12.0237	2.12663	3.26873	12.9169	7.4668	110.207	101.689	68.4011	171.058	43.6843	22.8577	31.1022	0.137181	9.32944	15.89	58.1882	5.78915	1.96407	3.19175	39.1954	7.46484	87.7027	19.5822	71.4519	103.651	83.1413	62.2396	19.4257	48.6423	19.4695	2.27141	4.28933	10.2958	4.47952	0.576733	1.9521	1.61352	0.909436	0.0138719	0.596709	58.5142	200.424	1924.52	678.464	74.5729	148.471	47.2015	15.9963	11.522	
834.238	174.891	99.6011	216.824	45.9913	138.121	55.695	9.86598	13.8809	19.5146	77.7384	41.8371	52.3441	4.20863	0.333404	8.2005	1.45042	2.22936	8.80971	5.09256	75.1639	69.3548	46.6211	116.666	29.7939	15.5896	21.2125	0.093561	6.36293	10.8374	39.6859	3.94579	1.33955	2.17686	26.7324	5.09122	59.8156	13.3556	48.7322	70.6928	56.7047	42.4491	13.2489	33.1754	13.2787	1.54916	2.92544	7.022	3.22451	0.393348	1.33138	1.10047	0.62026	0.009461	0.406972	12.6301	46.9225	214.615	1061.93	53.68	76.0736	33.9993	11.5147	8.29931	
606.717	139.22	67.351	204.778	45.0465	99.4766	44.249	11.5171	17.8286	33.255	132.475	59.1235	78.6834	6.51417	0.516047	12.271	2.17037	3.33596	12.4984	7.19203	50.8263	46.8982	31.546	78.8904	20.1468	10.5418	14.3441	0.0632666	8.98614	15.3152	50.3471	4.79246	1.62592	1.85526	21.2386	3.66915	43.1081	14.0782	35.0976	50.947	38.3441	30.5724	9.54203	23.9089	9.56351	1.11573	2.10831	5.05734	7.48742	0.283295	0.90029	0.792571	0.44672	0.00639759	0.275197	10.5838	39.3203	192.672	438.447	722.296	105.567	49.2167	26.7374	21.9182	
1809.22	379.287	216.006	470.228	99.7417	299.544	120.786	21.3964	30.1036	44.4069	176.9	90.7326	113.519	9.1273	0.723057	17.7845	3.14554	4.83484	19.1057	11.0443	163.009	150.41	101.108	253.015	64.6143	33.8092	46.0038	0.202907	13.7994	23.5031	86.0673	8.55728	2.90509	4.72097	57.9747	11.0414	129.723	28.9644	105.686	153.312	122.976	92.0597	28.733	71.9478	28.7977	3.35969	6.34443	15.2287	11.3789	0.853057	2.88738	2.38659	1.34516	0.0205182	0.882604	33.9441	137.226	688.338	1114.97	189.431	2657.74	119.98	40.634	29.2873	
771.214	177.081	85.6672	219.682	46.5976	126.53	56.2827	10.7509	16.6425	31.0426	123.661	55.19	73.4486	6.08079	0.481715	11.4546	2.02597	3.11402	11.6668	6.71355	64.6487	59.6523	40.099	100.345	25.6258	13.4086	18.245	0.0804721	8.38829	14.2963	46.9975	4.47362	1.51775	2.13364	27.0144	4.66699	54.8314	13.1416	44.6425	64.7601	48.7718	38.8867	12.137	30.411	12.1643	1.41916	2.67993	6.4327	12.0972	0.360338	1.14513	1.00811	0.568207	0.00813744	0.350038	13.4621	50.0136	244.911	557.684	98.8386	134.276	184.396	43.199	31.1361	
1118.39	256.63	104.71	530.308	116.656	183.369	94.0441	29.8062	46.1703	86.1196	343.066	153.11	203.632	16.8586	1.33639	31.7778	5.62053	8.63903	32.3666	18.625	82.6442	68.6801	46.1676	115.531	29.5041	15.4379	21.0062	0.0926508	23.2711	39.6355	130.298	12.4028	4.2106	4.80452	42.1337	9.39748	79.4629	36.458	64.739	93.9128	56.153	56.3555	17.5892	47.216	17.6288	2.14682	4.27322	9.32241	39.0485	0.522209	1.64558	1.46098	0.823459	0.00977328	0.403012	12.0054	44.6307	218.551	497.338	141.389	119.746	113.751	729.636	86.5477	
266.49	61.1898	24.9667	126.362	27.8149	43.7219	22.4235	7.10687	11.0015	20.5207	81.7462	36.4833	48.5531	4.0197	0.318437	7.57205	1.33927	2.05852	7.71737	4.44087	19.6926	16.3758	11.008	27.5289	7.03483	3.68095	5.00863	0.0220769	5.54868	9.45054	31.0676	2.95728	1.00396	1.14483	10.0397	2.23924	18.9468	8.68724	15.4261	22.3777	13.3889	13.4284	4.1939	11.2507	4.20335	0.51188	1.01889	2.2228	5.43196	0.124513	0.392365	0.34835	0.196342	0.0023303	0.0960303	1.93935	7.20494	35.2818	80.3399	25.977	19.3438	18.3753	19.3974	71.371	
