338.563	66.1505	25.1811	100.356	26.827	56.0305	25.6343	5.61674	6.44492	7.11435	34.4543	19.0588	37.807	2.42751	1.04495	5.37285	2.16523	1.96585	4.78279	2.40139	22.0286	21.8629	13.764	32.4743	10.7478	6.85154	8.89466	0.406336	4.31543	5.881	26.8549	3.43491	2.729	1.76551	13.8943	2.82453	24.6149	7.91867	22.9224	33.0952	22.5168	20.1859	7.7907	18.7896	7.21628	0.929903	3.72467	8.01336	1.20741	0.560324	0.816752	3.72495	1.04811	0.0720149	0.685958	2.96498	12.1554	43.2225	63.6497	9.11905	19.5271	4.70455	4.91182	4.02021	
261.222	95.3078	27.7205	100.684	34.0105	67.2243	28.805	6.57102	8.10087	6.7548	38.4351	23.2138	32.4517	2.50023	1.13341	6.63671	2.41039	2.54794	6.00074	2.87665	31.7711	21.4996	13.5141	35.5916	8.07765	6.58182	11.6731	0.440275	4.97177	6.77545	30.4208	3.89203	3.7933	2.04039	15.7433	3.06602	27.4304	9.4514	24.9017	35.0756	24.0012	22.3433	8.25905	20.2903	7.64612	0.972567	4.03473	8.30942	1.27866	0.612038	0.915632	3.57274	1.14485	0.0747726	0.763029	2.83496	11.7042	41.6183	67.1436	8.94885	20.8686	4.26477	4.67815	3.974	
234.939	65.4946	43.9788	90.0135	25.2676	57.9819	27.0494	5.70752	6.50836	9.50359	21.6539	18.6455	24.4377	1.90446	0.886304	5.19519	1.93654	1.94282	4.3664	2.49733	27.4958	28.4335	14.1474	44.315	11.5524	9.48686	14.0256	0.548615	4.1511	5.65704	26.4714	3.21429	3.31028	1.83223	14.8069	2.78274	23.0279	9.36368	23.6653	35.0678	23.8651	17.83	8.2572	19.9095	8.48445	1.06526	3.76623	8.27522	1.2576	0.593875	0.821581	3.948	1.13984	0.105009	0.926387	3.96071	15.0192	53.4056	89.5637	13.5166	24.7632	6.1232	4.98084	2.9532	
1578.13	400.942	151.714	1463.94	222.541	304.631	156.018	51.0055	75.0216	100.566	358.36	241.602	342.523	25.8665	11.7289	48.6767	26.7992	19.5526	45.1833	26.6128	148.883	144.986	88.5884	205.083	68.3886	37.0192	63.9701	2.32409	47.8744	65.2255	281.872	32.039	37.0238	10.6703	98.739	19.6847	131.62	99.7062	108.923	101.211	86.6994	99.6306	34.591	97.8412	40.4669	4.95555	23.4123	49.3331	8.89845	4.1489	5.10328	28.6633	6.7214	0.545573	4.70782	26.9249	59.02	179.599	403.323	94.2819	114.065	45.2958	52.3383	39.3973	
899.098	288.65	90.765	474.294	207.193	205.511	123.023	34.4095	41.1282	42.2345	158.532	116.516	148.522	11.1492	4.55494	30.3744	11.6205	10.7135	27.4637	14.6124	81.9182	61.5097	34.7632	86.6443	27.5434	20.284	35.9746	1.24076	22.4897	31.4478	139.481	17.5918	20.2813	4.39234	50.0428	8.7604	51.4348	47.9724	61.5099	61.7917	60.03	45.5071	13.1707	55.0226	21.0496	2.93482	8.46044	20.8425	3.38812	1.99567	2.33096	7.5838	2.5592	0.213201	1.98898	10.7318	29.2662	72.3143	162.438	36.6051	49.1397	18.0541	20.8611	13.5718	
391.853	119.055	43.462	135.48	42.8843	175.724	59.2619	10.8439	12.0481	9.78578	41.8315	29.5305	39.2005	3.62212	1.1413	9.61721	3.31588	3.58809	7.10685	3.80199	40.7753	29.7304	19.3454	56.0647	12.3044	17.0268	19.9209	0.572743	9.104	10.612	59.2298	7.57586	8.11028	4.04457	26.9088	6.30458	56.4045	19.8897	49.8906	75.975	50.6662	42.4965	17.8894	41.7332	18.8659	2.27691	8.31379	18.0032	2.84923	1.59073	0.513121	5.51918	0.749888	0.174372	1.13041	4.36241	12.4277	57.3124	103.913	11.1844	26.5748	7.48339	5.71161	3.70428	
1250.27	355.775	141.403	483.906	179.034	413.295	283.15	56.8955	66.5876	45.5796	171.088	151.002	144.491	13.7027	5.7471	38.3342	12.8779	14.5195	28.7584	15.7862	115.856	98.7349	63.6477	157.814	49.8425	33.3047	49.2257	2.09035	30.5823	42.2994	228.481	29.2242	18.3121	9.11084	134.623	23.567	161.728	76.7251	122.389	135.013	124.518	104.739	29.5356	97.6458	34.5527	4.94566	19.4776	32.4791	5.56156	2.46168	4.35858	18.8709	5.74057	0.307304	3.35089	13.5371	45.7128	166.828	353.541	42.7202	77.3554	18.4968	23.1064	13.9844	
1468.19	434.967	159.907	847.849	268.376	405.311	304.926	109.07	98.0669	74.6785	233.67	222.388	255.942	17.3106	8.93903	56.589	20.0251	21.2505	45.3514	36.3694	145.488	118.197	76.1934	193.897	59.667	43.1038	62.0902	2.50303	45.2162	63.2265	246.245	27.2711	37.8441	9.82939	137.881	24.1436	165.685	84.9566	118.999	179.34	121.101	116.006	49.5761	110.999	43.5826	5.92051	19.949	42.0352	6.83496	3.92261	4.95332	25.7267	6.69573	0.367877	4.01139	14.6313	55.9462	199.349	426.099	69.9936	96.4363	31.1118	29.198	21.6328	
125.943	40.0877	13.6316	93.2274	23.9807	33.6648	26.6788	7.33126	13.6297	9.07599	32.3415	28.2199	30.2837	2.59027	1.03135	7.05316	2.30861	2.59951	6.44729	3.27352	13.433	10.5889	6.49021	16.9734	4.95719	3.87161	6.02941	0.224824	5.73768	8.02518	34.6808	4.37404	5.27065	1.28783	11.7601	2.39068	15.6763	12.3187	10.4169	15.695	10.8773	9.89177	3.34621	8.34781	3.81117	0.538743	1.67906	3.82504	0.605992	0.28247	0.411526	2.13796	0.650204	0.0417655	0.3604	2.42931	5.10148	17.7343	35.0618	8.28829	8.57905	4.08788	4.72346	3.39652	
226.311	54.4134	32.4023	203.434	40.0868	44.5109	29.7274	9.08794	14.7743	41.5407	95.0204	43.6222	81.4046	7.22656	1.99892	10.7956	4.58278	3.90807	9.84005	4.21819	19.6921	19.367	13.1305	27.7892	10.1365	5.19134	9.44957	0.723847	7.58821	10.3384	43.5307	4.4592	3.45456	1.61688	10.9576	2.14011	14.2317	15.0654	13.5916	20.3615	16.8711	13.3258	4.90791	12.9007	5.89131	0.731267	2.33913	6.06848	1.99051	0.523802	0.635971	2.7535	0.979034	0.0966785	1.04546	6.90197	15.1018	44.7754	103.2	24.1683	29.1106	11.6112	14.1326	2.35051	
518.456	146.461	34.9241	342.918	71.1789	90.0066	52.7845	13.4516	24.9043	44.9487	542.625	95.5638	182.13	16.1725	4.59246	24.8994	10.5699	8.78241	22.2689	9.15477	52.8251	49.3333	30.1433	68.9703	23.2701	16.6452	24.6086	0.987669	16.0461	22.4433	99.5435	12.5547	9.72367	3.79379	25.7106	5.43026	40.0688	31.8657	36.4697	54.635	46.7526	36.5555	13.4634	34.481	15.7422	2.0055	7.11813	16.2157	2.37624	1.10763	1.65577	7.75238	2.23822	0.184244	1.54263	7.93049	24.091	92.6128	164.63	38.9271	37.2694	13.3415	23.3685	7.36987	
1081.39	333.547	113.391	871.743	197.259	239.585	175.665	48.2724	81.938	77.808	360.338	354.085	386.056	20.5721	7.96423	64.1259	31.8175	23.0516	69.14	31.3834	80.4205	72.9113	49.4325	106.042	38.1312	21.2395	36.7024	1.47958	49.5741	76.9178	307.458	38.7775	26.379	10.8414	123.582	25.4249	164.736	103.676	78.0715	108.803	83.6694	74.5028	29.6577	77.9566	35.6001	4.41892	13.0743	35.7296	5.37234	2.50485	3.04126	14.9954	4.21936	0.27486	2.99712	19.1538	40.2119	129.333	255.633	67.0699	81.1432	32.2223	41.3129	19.0942	
1758.23	382.177	121.81	1012.96	206.092	260.673	137.772	45.5351	72.0705	119.01	562.879	316.423	971.504	56.2753	19.2052	132.368	57.6713	42.0768	90.0779	20.8839	140.411	122.622	74.9236	170.764	57.8396	43.2313	63.9143	2.44601	34.7496	51.1846	279.511	33.4664	27.3104	8.88009	68.5353	13.389	106.809	96.735	87.8638	140.944	106.652	92.5064	37.8043	80.7093	36.8476	4.57377	18.013	37.9657	5.56204	2.59263	3.97877	19.618	6.12344	0.466242	3.8194	23.739	58.3433	230.676	400.361	94.6662	93.0221	39.9362	58.3113	19.221	
777.138	202.695	65.3475	526.596	106.499	165.807	89.9414	21.2008	42.4353	72.7277	344.069	116.073	387.394	63.9852	16.4262	88.736	35.1975	20.2589	38.9746	16.8602	62.3365	64.0947	32.6461	93.3651	32.6855	21.302	36.8008	1.06967	28.7934	41.3336	183.328	17.3706	22.6293	7.55378	38.4587	7.13255	71.8816	40.7808	54.7087	85.5068	59.8326	43.2724	19.6221	41.8918	19.1256	2.43653	9.34954	19.7008	3.55446	1.70047	2.11901	11.0086	4.12209	0.23579	1.67071	15.8026	37.5473	115.331	259.673	61.3843	72.3585	26.5848	31.5272	15.2934	
877.525	241.032	79.7748	626.357	114.133	137.045	98.9531	28.7181	44.3214	52.7704	256.295	117.875	346.8	43.0887	59.1434	88.6959	87.6528	14.1227	27.5394	15.07	82.5724	65.2084	40.8928	100.11	33.2448	24.6937	40.5091	1.48673	22.0187	37.9179	163.862	22.3433	17.3049	5.77648	56.3359	10.4481	64.2658	52.4552	65.3104	102.077	67.5791	58.6309	28.0057	61.3649	25.2487	3.21659	13.6956	26.0081	5.20672	2.427	2.65567	12.4339	3.6844	0.280532	2.0922	14.1137	39.2059	120.395	264.116	62.4347	64.625	23.7434	34.6681	10.5317	
281.142	87.9426	29.1368	161.974	47.4236	71.9569	41.1269	11.328	18.8864	17.7582	86.5848	59.1383	148.937	14.5039	5.52665	64.1375	19.0529	14.42	13.8023	5.8221	23.272	24.5523	14.2416	35.7647	9.90573	7.354	11.1587	0.499143	9.9428	14.2694	63.2895	5.84287	7.81424	2.60844	15.1241	3.11152	24.8218	23.0728	21.5145	31.9138	22.9256	20.9462	7.7145	19.7575	7.71936	0.98316	4.07867	7.95151	1.5506	0.722781	0.900911	4.5591	1.42342	0.0733794	0.779605	5.37522	12.5217	36.2954	79.6025	19.318	23.9871	9.52539	11.5939	4.7065	
785.184	221.349	75.2684	618.003	125.735	171.936	95.7479	27.7806	42.8412	52.2428	254.724	203.352	449.7	39.8695	37.8503	132.04	201.594	41.3873	45.1139	14.2928	86.6266	91.3685	54.3946	136.636	43.0977	26.6716	41.5368	1.67447	26.3958	35.9624	163.707	18.6078	25.5415	6.57219	44.5399	10.9953	75.0445	59.6809	82.1727	109.881	89.8922	55.6073	25.8797	71.6569	31.8752	3.47423	14.413	32.8423	5.47943	2.55412	3.10107	16.1107	4.19193	0.436043	2.68352	16.251	45.414	175.176	304.114	68.247	84.7422	27.3391	38.8937	16.2005	
449.473	147.525	47.6107	284.289	73.0889	117.306	68.0646	18.5876	30.4151	28.0896	133.444	92.8899	206.868	14.4687	3.84509	63.0082	26.0948	48.4558	30.4294	10.0422	44.2398	31.8482	23.9902	66.0199	19.2815	12.8839	20.0646	0.970322	16.6922	25.2411	100.868	11.7672	13.4643	3.46546	33.0157	5.79773	42.8806	35.8287	41.0693	62.3631	45.7408	30.8863	15.1378	38.7693	17.7046	1.98054	7.02957	18.2371	2.67177	1.24571	1.5932	8.27484	1.8911	0.142648	1.36584	5.91905	18.8422	67.2265	116.678	29.0614	35.1594	11.34	16.5577	8.71739	
742.475	235.901	72.6513	446.047	127.211	157.754	91.5339	26.9335	51.2181	48.0208	229.736	189.166	300.688	18.8993	5.09087	40.9477	19.3128	20.6605	95.7119	17.0166	69.3217	59.4011	40.2728	95.6876	31.0172	20.1937	30.6414	1.33545	26.8519	41.6627	184.788	20.4649	16.2718	6.34698	38.876	8.18743	65.4844	63.9526	66.0489	102.936	69.8523	56.5681	22.5242	57.6864	26.3366	3.35518	11.015	27.1357	4.08015	1.85306	2.56223	13.6619	3.46354	0.261259	2.08527	13.0047	31.92	123.125	202.868	47.9685	49.6513	21.8777	28.7887	10.5324	
85.5778	25.9603	9.53881	60.3102	15.5377	19.3736	11.5343	4.95832	5.96978	4.72558	21.6809	19.7112	16.0032	1.87682	0.63951	3.96511	1.40459	1.56521	3.90633	5.64362	7.69642	7.09116	4.01394	10.2147	3.22611	2.45432	3.62853	0.142522	4.97166	6.77353	30.0429	3.78909	3.70934	1.08697	10.8575	2.23897	14.4768	10.3974	7.23646	9.6489	7.65118	6.55916	1.96208	8.02401	2.29478	0.29227	1.21249	2.36379	0.567537	0.257755	0.282114	1.50385	0.381353	0.0278895	0.200616	1.21522	2.75895	11.5054	18.9619	4.48242	5.71241	2.0449	2.83449	2.2616	
1409.65	514.854	188.587	605.863	156.413	373.1	152.006	35.6169	43.9891	39.6141	224.645	90.7	193.207	12.4604	6.29213	28.4602	15.2866	12.3819	28.5756	13.8203	309.838	178.128	112.142	347.095	87.5676	78.2307	112.69	4.29364	26.9835	37.7413	188.809	22.9262	20.3216	9.05764	102.901	18.7984	133.058	66.7873	146.647	228.903	182.03	119.45	52.5014	133.381	52.5754	6.2666	24.9963	49.9499	5.509	2.62392	5.50408	26.4422	5.88792	0.822264	7.25021	20.3956	77.3409	275.011	511.754	59.5499	137.862	32.3618	29.6687	17.3186	
641.438	159.735	89.412	270.504	53.8463	124.724	59.3928	13.2664	15.898	17.8624	96.1872	37.7012	77.359	5.87395	2.27817	13.7663	7.39224	4.08674	11.2264	5.83802	81.668	126.302	61.3258	167.411	46.3196	35.4866	43.7571	2.23891	4.57744	5.70584	27.776	4.60763	2.69425	1.88442	12.2951	2.86201	31.5091	10.3496	22.5659	34.4983	31.8248	26.4514	8.71385	22.1896	11.3142	1.08061	3.67724	11.0352	1.47798	1.55697	0.889855	6.31569	1.64332	0.245289	3.07064	3.88931	13.2916	47.2628	81.3497	11.9619	26.2895	6.1712	5.15613	5.0063	
1534.85	381.622	169.09	628.202	115.666	308.461	145.519	32.5042	37.036	46.029	223.379	97.151	179.654	11.3714	5.43005	30.35	16.7267	11.7004	28.9289	12.5601	195.417	233.087	262.648	269.813	164.725	56.0885	153.683	7.17759	20.9755	30.1108	149.427	19.6161	19.8014	8.89952	67.8863	15.8023	117.76	52.8565	126.785	195.497	132.01	111.649	48.1128	109.473	44.5538	6.28498	19.7825	43.4551	6.98183	3.28504	5.04268	29.9435	7.05821	0.935022	10.92	18.7882	83.2735	260.01	483.839	56.3016	130.342	29.8113	25.7239	22.9586	
1000.58	277.704	146.346	401.829	79.6556	247.002	99.6947	22.8551	26.7623	26.9164	141.222	57.5843	113.137	8.98581	3.67301	21.0592	11.6093	8.89676	18.9918	8.83156	167.122	175.812	74.5507	554.192	103.897	80.3679	120.435	4.96358	16.9366	21.9057	104.551	18.7504	12.1688	8.73311	47.5109	10.7728	118.602	37.9666	112.798	147.92	172.388	110.219	29.5597	71.292	32.8457	3.66573	19.4075	32.0274	5.28132	2.48492	4.34516	30.3069	6.96053	0.946371	8.37929	13.8221	61.2789	191.334	356.045	41.4202	95.9155	21.9374	16.9537	15.6269	
1147.89	218.469	132.243	464.478	87.7735	187.907	109.143	24.379	27.0932	34.0328	165.161	71.7751	132.832	10.9043	4.22804	20.2183	12.6931	9.00675	21.3393	9.66855	146.149	168.616	157.768	360.142	232.031	56.5815	149.065	6.96011	19.4656	24.5369	110.857	14.5528	14.3133	5.50375	50.3635	11.7234	72.8267	39.2132	99.9855	152.777	105.881	62.78	35.6939	54.0523	32.2052	4.42644	12.5564	31.0457	5.89877	3.21044	3.10884	17.4658	4.45213	0.89405	10.5919	14.2537	64.84	236.633	376.834	41.6173	98.9105	22.6224	19.8947	16.975	
1066.95	259.554	158.343	366.594	94.2491	379.133	106.336	25.6787	30.8527	25.4136	172.256	58.2928	144.761	10.3619	4.57909	21.8856	11.4535	8.77508	20.2569	10.7248	190.374	188.354	78.3267	406.19	82.4996	207.225	159.273	4.09594	26.9884	21.623	126.272	17.4612	19.0611	11.7035	63.6543	16.4412	96.9838	56.4421	131.945	208.759	219.316	122.555	54.1188	111.7	52.7082	6.53908	18.5493	50.6653	6.54659	4.25541	3.43505	51.8329	7.07922	1.34957	8.08405	16.4611	67.4849	246.35	353.465	42.2032	95.2206	26.1257	21.4571	9.97144	
1755.85	583.538	296.756	803.038	211.894	562.299	199.236	46.8902	60.9083	58.6409	322.831	127.693	271.302	22.6922	9.5224	42.0969	22.6112	17.3235	38.9641	20.0997	347.629	294.415	272.058	771.616	275.52	201.904	508.126	9.90147	35.2757	47.5387	219.692	30.3795	26.9282	11.4923	89.95	22.0558	140.658	71.8802	191.363	302.767	318.079	177.744	78.4898	106.841	42.2345	7.5051	26.9024	68.2862	9.74477	6.20228	13.447	120.601	28.4353	3.05951	17.1555	27.1883	90.5308	357.194	614.969	69.7058	165.667	43.1511	36.3735	19.7571	
521.089	142.98	75.4072	189.532	47.4768	105.024	54.962	12.2799	14.7541	29.1812	84.1721	33.4409	67.4499	4.28489	2.27037	12.2329	5.92155	5.44238	11.0319	5.12874	86.045	97.8626	82.5438	206.591	83.5724	33.7305	64.3233	19.9207	9.90232	12.4789	59.4039	9.85424	8.96482	4.08822	26.2952	7.73265	67.3703	22.1344	47.0347	73.7808	68.0631	56.5858	18.2715	46.0945	24.7447	2.27768	8.38606	25.0487	3.27896	1.66534	2.09148	20.2846	4.09081	0.633414	10.9431	8.14252	30.0843	109.792	184.127	25.0431	55.0387	12.9198	10.9076	6.23118	
1400.34	408.551	144.375	987.906	217.751	422.42	203.469	56.1313	95.2777	77.407	346.027	283.517	242.47	29.1854	8.50822	61.6591	23.6199	23.6904	56.1286	45.2703	136.83	50.6276	61.0383	178.372	59.1422	56.2382	57.9867	2.50565	322.893	127.446	662.414	101.06	55.3601	19.1596	213.684	46.1521	286.178	183.7	115.284	226.506	154.347	189.576	43.7142	220.105	77.5019	11.2442	46.6467	75.7875	12.6444	5.89546	6.45092	33.5051	8.49634	0.450706	3.96991	20.6062	49.2799	210.921	321.449	74.0565	94.378	34.6658	50.616	28.071	
289.947	84.5922	29.8935	204.497	46.2619	74.811	42.7581	11.9253	20.2473	16.0233	73.5336	66.8357	54.263	6.3655	2.22612	13.4447	4.88934	5.4428	13.2317	9.37098	29.0776	9.58828	13.3128	35.0522	11.3268	6.84584	11.8729	0.479753	19.3634	39.0357	120.029	14.7499	14.816	4.34275	41.4275	8.94531	55.4677	41.5407	21.2179	31.3106	21.3415	22.4205	9.65156	33.7693	7.06737	1.72467	7.15484	11.6246	1.99105	0.904266	0.891731	4.63271	1.17448	0.094468	0.587153	4.27326	11.0486	35.5262	68.4172	16.1774	18.1033	7.18891	9.709	5.38449	
1606.72	460.907	169.751	1072.44	249	506.71	280.276	56.3619	106.182	81.8737	395.787	324.204	359.594	34.2617	11.6743	72.3649	27.0096	26.3948	71.2181	50.4384	176.529	56.6423	80.1725	203.018	62.1012	48.5142	66.5847	2.77145	122.134	145.659	1043.75	115.533	98.901	32.9023	261.235	56.4076	340.793	307.608	164.732	340.846	220.55	244.069	53.4418	236.282	97.244	12.0674	48.7772	95.0929	12.5552	5.70215	8.75079	43.1472	12.7886	0.496576	3.1809	22.2591	59.0519	189.928	338.322	84.2669	91.8786	37.4465	53.2729	28.7862	
497.149	142.65	49.8626	294.885	75.9708	156.785	86.7222	15.0999	32.3966	20.2889	120.756	98.9156	104.154	7.85322	3.85083	16.1613	7.42674	7.44888	19.08	15.3889	51.8533	22.7301	25.4602	88.0785	19.7213	16.2289	22.2738	1.11216	45.0754	43.3006	279.485	83.5236	41.4495	9.83196	82.1015	17.7279	96.5259	125.577	54.5215	89.3201	61.5335	65.6098	22.0222	58.0521	26.5036	3.37645	19.6045	27.3006	4.10495	5.27595	3.00519	12.3551	4.27914	0.184416	1.47654	6.5197	21.2954	74.0292	118.875	26.6771	35.8121	12.4908	20.2368	7.7968	
516.068	181.654	67.0944	445.231	114.436	219.301	70.9999	27.378	51.0049	20.5365	122.198	87.9173	111.052	13.367	3.89681	28.2402	13.3193	11.1361	19.8216	19.6834	60.053	17.3658	33.5798	74.6864	25.3432	23.1469	25.796	1.32196	32.2619	56.8283	312.598	54.1565	362.602	12.638	85.4922	18.1271	100.512	125.11	48.6866	111.836	77.0451	76.0046	18.1898	94.2688	31.5114	5.48289	18.4456	30.0235	5.32888	2.3349	3.22009	15.4737	4.46746	0.148452	1.68663	6.26324	32.3709	84.2551	124.075	25.6277	41.1529	10.0027	14.9898	10.9882	
725.942	212.456	80.7479	279.004	53.8881	237.797	76.8082	15.4618	27.0978	20.8997	103.666	78.5652	78.5138	9.70193	2.82834	20.497	7.45204	6.23218	16.8112	12.5416	58.1997	26.4098	32.8154	116.544	21.189	30.9024	23.9376	1.31081	24.2777	36.2184	226.121	27.932	27.4794	26.8719	81.1904	17.3003	140.985	107.889	82.3284	106.735	79.4958	78.4222	31.5771	155.316	39.0038	5.65877	24.6836	39.1457	6.53109	3.04512	4.42257	21.8119	6.63351	0.18859	1.98239	8.46677	41.1232	84.7039	174.897	25.3588	48.3568	13.5219	12.3644	8.086	
571.528	163.992	65.2806	258.281	61.4199	158.27	113.538	21.6974	24.7547	14.1693	70.2821	89.5925	60.6195	4.9415	2.75946	11.8891	5.05224	5.93976	10.3011	12.5323	66.1446	17.238	25.0417	63.4285	19.3971	16.8141	18.7433	0.843437	27.0872	34.5639	179.604	23.3336	18.5963	8.12222	202.027	19.3073	119.689	60.1083	63.0381	120.928	77.2979	85.7409	19.7761	93.3808	34.8162	4.64796	18.7873	33.8695	5.50578	2.50118	2.91761	12.6353	3.84271	0.198664	1.27225	6.10185	33.376	74.3233	131.297	18.2756	36.3019	9.01377	9.14555	7.28194	
69.8128	19.1906	7.37193	30.9401	6.4607	22.2817	11.9429	2.28293	3.02382	1.66287	8.91951	11.0755	7.11597	0.550677	0.307512	1.46974	0.749429	0.62675	1.30358	1.55289	7.26078	2.4111	3.5026	8.64186	2.7131	2.60956	2.76157	0.149036	3.51537	4.48453	23.3029	3.02744	2.36928	1.03994	11.6014	4.47904	14.8539	8.4249	7.56917	14.5126	9.30314	10.3731	2.37458	11.9035	4.2209	0.645063	2.11719	4.23735	0.826316	0.427384	0.350417	1.51716	0.461525	0.0215036	0.130901	0.645698	4.19411	10.0973	17.3842	1.93393	4.68316	1.03122	1.13117	0.687634	
182.741	51.5696	18.3236	62.1384	11.3936	59.876	24.6173	4.70568	5.9556	3.32143	19.7686	21.5546	17.0507	1.66693	0.568138	3.52168	1.53635	1.39234	3.13166	3.01587	15.4366	7.9731	7.83999	28.5772	5.0623	4.62359	5.28986	0.390013	6.54733	8.35238	42.2874	4.9512	3.94598	2.54553	21.6018	4.46157	53.4503	15.2251	19.6641	39.4782	26.5748	27.9765	9.42957	25.7049	11.3219	1.40243	4.99061	11.0887	1.7099	0.95464	1.10091	4.52616	1.56761	0.0624891	0.444387	2.10326	11.183	29.1071	46.3525	6.14099	12.1665	3.33726	2.81602	3.08396	
1184.51	358.019	150.124	948.439	214.113	425.416	235.31	48.6165	94.2966	70.8431	316.767	273.325	311.147	19.0548	9.34351	65.9575	24.6181	23.4403	61.623	43.6429	156.118	52.767	70.9028	184.322	54.9209	54.2165	54.4675	2.58183	84.6809	126.035	769.069	129.785	98.9633	39.2492	218.584	50.9871	306.766	459.012	168.694	293.395	202.123	219.528	57.2452	260.508	68.9121	11.0908	46.0106	74.7735	12.8039	5.81506	8.44769	43.8873	11.1262	0.4795	2.38499	18.8196	85.4768	162.851	295.263	67.6183	83.9614	31.6603	38.5354	21.7977	
354.192	97.4385	39.1931	107.028	28.3588	110.23	38.7736	7.03431	8.23688	6.60207	37.4491	21.2611	29.1934	2.64057	1.2017	6.35312	3.50138	2.77551	6.57419	3.13766	35.4098	11.8846	17.5681	56.5677	14.4656	13.0923	14.9789	0.566723	5.48955	6.64986	42.5439	5.82069	3.97818	3.09383	23.6799	4.73191	40.9275	17.4258	74.1555	68.6373	60.376	47.6763	21.44	44.3783	20.9791	2.63471	8.634	20.3981	3.33317	1.50244	1.87369	7.9041	2.46779	0.0840105	1.16755	3.82301	23.7585	52.9067	98.4771	11.1622	25.848	6.06757	4.90744	3.69789	
535.085	143.611	60.7695	104.061	29.8095	175.643	44.756	11.0927	12.9857	10.349	58.7029	31.0036	49.0005	4.31838	1.96526	9.86086	4.89906	4.40994	10.7207	4.37762	57.8339	19.0112	28.3451	77.62	23.1279	21.6743	24.7976	0.930198	11.2857	10.2679	92.1082	9.97784	9.56177	4.19694	47.5315	9.4932	85.976	31.7121	71.8192	267.154	127.891	108.956	43.8602	84.5648	41.7941	5.04411	16.5253	39.8829	6.37963	2.93761	3.66254	15.8573	4.82383	0.255957	1.65156	5.53441	35.3002	78.6083	150.17	16.5847	39.4164	8.78149	8.69024	6.76289	
316.933	85.5494	36.0034	77.603	25.2113	101.972	35.9343	6.5209	7.83479	7.46508	43.7317	20.7559	32.2796	2.63064	1.13269	6.16679	3.48912	2.81586	6.33344	3.02197	40.0385	15.2679	16.6628	78.751	13.954	19.8232	22.6798	0.747043	6.69499	6.0928	51.886	5.98414	5.7346	2.72128	26.45	5.29785	50.384	19.0191	54.998	111.338	172.177	41.0613	16.105	31.5232	18.4241	2.30064	6.79278	17.77	2.76305	1.37873	1.50941	7.44434	2.2059	0.140411	0.711957	2.82359	15.013	34.3122	59.0589	9.88983	16.7592	4.48022	5.08078	3.82851	
310.206	86.9505	29.3678	97.3634	20.8663	93.3804	33.0009	6.81998	7.77893	6.43763	37.3323	20.1784	30.5682	2.07718	1.07291	6.15154	2.35649	2.07593	5.59979	2.82847	28.6853	13.8549	15.3864	54.9726	9.03321	12.0941	13.8369	0.678081	8.97787	6.9884	62.6895	6.96624	6.17644	2.93095	32.0322	6.44939	57.9105	22.553	47.4161	103.56	44.8305	97.3071	22.2405	59.3485	18.9906	3.09396	12.1597	18.3164	4.57378	2.09842	2.54978	10.7562	3.35824	0.120614	0.921794	3.11315	19.8566	44.2178	84.45	9.0896	22.1663	4.93966	4.10255	3.70654	
623.489	167.381	70.8279	176.043	31.4504	204.715	48.4635	15.1784	13.7041	12.3475	71.6042	41.8315	65.0564	4.90525	2.66891	11.7988	5.71143	5.29862	11.6118	4.40628	65.6594	23.7693	34.5297	76.779	26.7465	27.8127	31.8206	1.14025	10.7811	15.6669	71.4851	12.177	7.69798	6.146	38.4761	7.68862	101.65	30.6271	111.045	217.102	91.5701	115.823	88.0436	62.4673	54.3183	6.39238	12.1312	66.2021	9.95421	5.55313	6.40566	27.7339	8.43673	0.184892	1.89364	6.63242	40.1601	94.204	118.719	19.365	44.843	10.5237	10.2	7.89662	
785.824	214.892	89.2458	260.215	68.6618	249.57	83.7297	17.7594	17.8659	16.961	95.8338	57.4613	72.582	5.47267	3.05608	15.7913	8.26418	7.09158	15.5411	9.41677	87.1719	31.6309	41.0578	96.7695	21.1662	29.9987	22.6354	1.50325	28.368	28.6459	165.166	16.7747	20.8484	15.7977	94.9433	20.1415	144.806	72.8357	120.116	218.746	93.6652	161.517	32.6444	273.113	43.7409	9.95832	38.884	42.6068	14.3472	13.1479	5.81815	21.5517	7.66294	0.229484	2.41163	8.30728	33.1829	117.993	148.659	23.6019	56.1523	12.9166	13.4506	10.1512	
509.958	136.832	64.2634	181.854	44.3844	190.634	50.0633	11.7824	13.7824	13.0877	73.9295	44.3391	55.9922	4.22181	2.1247	10.4251	6.21165	5.47211	11.9889	4.55055	58.0601	27.2521	28.2348	75.3337	21.3092	23.919	15.1193	1.36357	16.8781	10.13	114.859	12.9406	11.7757	6.70342	59.8137	12.068	107.771	32.556	95.9468	182.675	92.5012	87.3292	47.9639	73.9094	84.2003	8.02726	21.9283	75.2345	11.5651	6.34532	5.64223	27.113	8.2457	0.35536	1.46501	5.98028	33.4942	74.5865	138.794	15.9878	32.832	8.74961	7.21039	5.34912	
378.394	100.219	46.4604	128.233	35.6332	132.482	41.2618	9.21652	11.2185	9.35435	54.2325	31.6911	40.0201	3.09699	1.55861	7.64556	3.89851	3.52483	8.79471	3.33728	39.8486	14.9876	22.9346	48.4124	16.8648	17.087	15.4706	0.722725	14.1001	14.2346	82.0735	9.49284	11.7982	5.60011	45.9799	10.6199	76.8688	30.1707	69.3845	126.95	66.5112	81.9258	32.5025	96.8912	46.2225	10.8907	32.164	51.7166	11.7878	5.08232	2.85527	15.2244	4.51128	0.142312	1.18382	3.70579	26.3024	58.5715	109.021	13.3182	107.737	5.91835	6.00644	5.03907	
880.486	241.531	95.4245	351.95	59.675	281.018	94.4031	18.0408	20.3117	17.3828	111.823	54.4712	91.5621	6.90377	3.85524	18.426	9.39551	7.26791	16.7733	8.04293	92.3387	29.6285	41.9367	148.9	27.7919	28.1581	32.2157	1.54584	33.9817	34.3057	192.723	32.0198	23.0582	14.1909	107.969	20.249	158.91	72.7121	132.089	241.616	114.083	187.049	35.8332	219.784	73.353	18.6851	160.99	97.0062	36.7199	16.0057	5.11217	36.2738	10.4755	0.339073	2.41318	8.64095	55.2726	126.326	235.135	31.0547	60.1336	13.8037	18.1641	13.7335	
2151.07	564.852	238.088	842.13	166.938	691.018	178.756	43.1672	52.5436	51.2095	289.271	169.037	219.143	16.5191	8.31349	40.7913	24.3112	21.4112	46.9223	17.8054	209.531	100.966	104.607	279.03	78.0299	87.336	92.8571	5.24322	62.6941	63.2919	426.648	50.6339	42.6184	25.5559	221.027	46.0197	400.944	134.184	354.364	662.167	338.896	319.947	222.054	273.47	285.782	34.1163	110.155	490.665	60.9433	44.6007	23.0806	108.064	31.1995	1.18068	7.77234	20.7187	121.886	342.98	590.497	72.55	132.605	33.089	35.3647	24.5975	
392.477	105.255	43.8152	183.941	32.8614	132.431	37.066	8.4996	10.0803	20.3403	51.3314	30.7779	38.877	3.60908	2.0154	9.63254	4.91168	3.79845	8.54351	5.17675	27.9839	16.3751	20.3522	55.7177	17.9532	13.6653	16.0463	0.831133	12.6663	13.1273	68.2131	9.2193	9.15999	5.16316	43.5089	10.8672	74.8676	27.8238	70.1198	128.262	63.8102	96.7466	40.4311	111.512	53.1974	9.41641	50.4927	73.7986	37.6315	15.188	3.38059	16.5821	5.04432	0.147148	1.43071	4.06998	21.7019	49.5999	94.7293	14.2517	24.2262	6.49998	6.94702	5.53429	
57.8441	16.0001	6.57105	27.2367	6.14717	23.4812	5.21038	1.54916	1.49224	1.69988	7.59884	4.55739	5.75515	0.548343	0.29835	1.42595	0.727101	0.56245	1.23228	0.746672	4.23296	5.47841	3.04116	8.32574	3.10317	2.82101	3.2435	0.134059	1.87555	1.89343	9.83877	3.76314	1.27463	0.764527	6.27717	1.78504	13.2746	4.01319	10.0378	18.7567	10.112	14.0965	7.16317	32.454	9.26943	1.28936	6.98973	17.1523	4.82348	6.87356	0.598471	2.73939	0.973765	0.0419658	0.212955	0.603283	4.05964	9.28076	13.2058	2.16814	4.41668	0.963727	1.23561	0.957831	
13.0107	3.69365	1.40275	5.16967	1.10793	1.16878	1.42355	0.301862	0.33547	0.318478	1.75284	0.853843	1.36288	0.10544	0.0503757	0.274265	0.136225	0.111001	0.262923	0.126107	1.37015	0.483152	0.720364	2.2465	0.463692	0.351388	1.08512	0.0259799	0.316681	0.288122	2.32991	0.330759	0.271254	0.171338	1.12989	0.225843	2.36225	0.899629	1.93166	3.60857	1.70828	2.64309	1.27504	2.21609	1.27186	0.111777	0.344494	1.36968	0.165669	0.0923493	0.305649	1.16534	0.336538	0.0134118	0.0312063	0.117278	0.623564	1.42516	2.39068	0.410774	0.678405	0.18131	0.221314	0.171962	
858.692	208.566	97.5468	420.189	52.1639	181.925	89.192	22.6883	25.2209	19.9541	118.763	60.9241	97.2451	7.92708	3.4132	20.0851	10.2415	8.34302	20.2875	9.72801	95.2552	49.624	61.9011	226.75	37.6986	76.7301	140.835	3.64635	23.8022	21.6613	166.246	19.6786	18.8629	12.2286	70.8112	14.1501	140.543	67.6349	117.921	226.093	121.922	161.352	79.8869	118.793	88.445	8.62483	35.3734	92.8023	11.7597	6.11717	16.864	246.715	46.6482	2.20648	5.37018	8.72812	48.0275	124.002	207.958	26.8441	51.8184	13.8526	12.3738	7.0946	
33.23	9.19164	3.87333	13.5514	2.42098	3.39953	3.73158	0.81212	1.05491	0.975775	4.71578	2.35766	4.17459	0.408226	0.139099	0.862448	0.366495	0.26223	0.70736	0.339273	2.91713	1.77581	2.00676	7.1623	1.32163	1.44128	4.56689	0.101136	0.830124	0.755261	6.77683	0.93736	0.748996	0.511484	2.9618	0.592006	6.69455	2.35822	5.0635	9.45922	4.96873	6.92839	3.34228	5.80909	3.69937	0.35149	1.40495	3.68493	0.491996	0.299058	0.669799	6.41562	3.09942	0.0313563	0.0971153	0.302114	1.64908	3.76897	6.32074	0.92918	1.79364	0.505085	0.500617	0.284727	
209.693	55.1352	32.7724	101.022	18.5232	72.6005	18.3463	4.09795	6.22335	8.84959	35.6521	14.1055	29.1924	2.14462	0.972706	4.08333	3.50126	1.81666	4.90041	2.27879	37.4151	24.3441	24.4154	89.4362	24.375	25.2349	45.1291	1.43821	4.04432	5.5793	24.1674	3.71013	2.28584	1.33551	14.0631	2.53328	24.5092	9.33396	15.8313	46.0968	29.0471	22.8539	6.72712	15.9774	14.6423	1.01835	4.17659	12.8072	1.31812	1.18369	2.45154	27.8705	2.87982	1.16539	2.22482	3.77449	20.0689	53.6111	87.6236	6.72453	21.8339	5.98901	4.92006	2.88848	
770.3	216.984	111.5	336.19	66.6437	181.509	77.1507	17.2329	20.7106	36.9064	115.121	59.3172	92.2262	5.86038	2.79771	16.7308	8.30999	6.70823	15.0843	6.32165	127.229	117.529	109.968	305.393	111.367	58.2954	97.5907	9.58248	13.7383	13.3735	59.7028	11.4561	10.0156	5.41401	34.7322	5.94726	67.2181	17.9045	84.8518	114.709	56.801	67.359	26.571	64.7538	23.2799	3.26695	11.4635	32.5143	4.94257	2.31648	2.19985	26.1598	3.43977	0.858016	23.5718	11.9184	63.3696	144.869	249.352	33.9055	68.9427	18.9159	16.2082	9.12305	
204.918	49.6169	29.3394	118.335	22.1308	43.1109	19.1823	3.86851	8.59183	14.9955	36.4241	23.3306	35.2792	3.41154	1.16154	7.09959	3.09723	1.78919	5.78971	2.35676	22.0276	9.16188	11.6445	31.0044	9.22374	7.30568	9.51881	0.438825	4.3888	5.99032	25.7128	3.11326	2.28905	1.42313	10.2522	1.8055	19.5801	8.6953	17.0996	23.6577	13.8644	14.0009	5.72768	13.728	5.8487	0.629408	2.52631	5.33436	0.865345	0.403886	0.50882	2.61675	0.658581	0.0895889	0.733521	13.3352	46.567	61.2828	133.43	25.8121	48.5602	17.5696	13.9648	8.34258	
717.852	175.039	95.0673	221.65	51.5702	104.944	55.3504	12.6397	15.4172	28.0365	94.5479	41.8538	74.089	6.92638	2.75711	14.1321	7.39587	4.86681	12.143	4.57205	71.3754	26.7546	44.1014	117.454	35.8533	25.5927	27.0835	1.38541	8.96861	13.2344	58.2883	8.68923	10.1092	5.90638	47.9179	10.0211	88.9582	33.7465	90.8045	128.939	62.9901	76.3081	29.6352	46.8568	27.9907	3.81728	13.8083	26.8151	3.94278	2.32238	2.31172	12.3038	3.07175	0.40703	3.33261	39.7911	354.294	317.08	599.627	91.4397	275.547	57.108	47.7891	32.1177	
1306.36	318.539	173.006	345.191	65.2146	247.688	103.381	23.05	27.4291	42.5427	186.018	68.8935	149.918	10.8884	4.3331	20.9645	14.6003	8.88672	23.9718	9.75795	129.891	48.6887	70.4731	187.688	66.9653	47.8134	54.6891	2.58762	19.6455	21.7789	95.9456	15.4592	13.4663	6.22624	54.6107	12.3473	118.499	32.9047	103.487	146.948	73.6789	86.9662	35.5772	85.271	31.9002	4.35045	16.1515	38.6174	4.61184	2.71717	2.704	16.258	3.59299	0.556477	3.89913	26.8	162.277	782.594	798.75	87.4143	266.725	48.2262	35.4924	26.1667	
678.349	181.212	102.308	273.346	51.6548	158.353	77.2528	17.3728	19.1221	34.5756	116.6	48.0163	91.7499	8.64462	3.35188	16.213	8.93772	5.43869	13.9274	5.67075	85.2299	29.5507	46.2421	123.155	37.6034	24.1906	33.2011	1.5302	10.5574	14.7895	60.2656	8.75341	6.99258	4.53322	34.018	7.49588	66.5415	21.0369	67.9226	98.9882	44.718	58.5674	15.8097	37.8827	20.9319	2.85536	10.6008	23.4442	3.10585	1.36333	1.59944	9.61425	2.12473	0.320713	2.36651	20.5755	108.211	281.652	566.042	71.4515	115.695	34.0518	27.8145	14.7893	
570.417	141.754	90.6214	375.036	68.3204	100.036	54.789	16.7495	26.5309	47.5248	161.818	73.9409	127.331	11.994	4.65056	23.0931	11.7723	7.95072	19.3285	7.86787	58.21	25.5034	31.5823	84.09	24.3746	16.9524	22.0879	1.22153	14.2757	20.525	88.1012	11.5295	8.47715	3.8578	27.7916	4.89433	51.742	28.2762	45.1872	64.1642	43.9513	36.9987	15.1359	35.3006	14.1517	2.0473	8.21743	16.906	2.74251	1.31374	1.613	7.28408	1.83325	0.144458	1.88864	23.3619	96.8527	180.913	419.37	144.042	113.18	35.2635	30.4207	17.1674	
1834.24	496.403	249.312	681.352	137.726	356.934	148.979	34.6544	41.2383	85.9606	232.648	134.333	187.888	21.2309	7.22859	43.0599	21.9508	14.4446	30.0432	15.057	202.365	84.169	109.795	292.412	86.992	57.4369	78.8309	4.03143	27.3198	34.4911	144.249	23.2421	20.4416	11.0469	82.898	17.7978	153.938	52.7244	157.133	229	111.843	135.49	52.6331	126.118	43.6409	24.8699	23.8946	46.4021	7.00069	4.01876	4.00032	21.1147	5.31412	0.704344	5.76691	65.9992	438.275	828.946	1019.71	169.959	752.529	96.4365	87.3601	53.1335	
618.189	141.914	86.2385	378.498	70.7855	140.606	49.8329	15.6397	27.4882	47.9635	116.503	74.6233	112.841	10.9118	3.71521	23.9202	9.90652	6.51723	18.5185	7.54009	66.4523	27.6393	35.1288	93.5573	27.8331	22.0453	28.7235	1.32383	14.0376	19.1601	82.2426	11.3402	6.95055	4.32125	28.7944	5.4823	59.0685	27.812	51.5989	71.3697	41.8256	42.2376	17.2791	40.5829	16.2694	1.91116	7.67297	16.1975	2.62757	1.2267	1.4956	7.89617	2.09338	0.270269	2.21344	33.4046	127.067	209.668	419.843	74.0774	134.905	54.7543	42.4034	24.6688	
1023.55	246.869	111.247	693.568	129.709	170.188	98.7227	23.2768	50.3701	92.5806	323.616	151.729	261.287	20.5218	8.60269	46.1715	22.3501	15.0909	38.6446	16.5746	96.6141	36.6223	48.0712	114.663	38.8173	28.7132	38.3969	1.77243	32.5046	41.0369	185.548	29.1366	16.5182	6.26629	46.3315	9.53687	79.0434	53.6836	66.1828	112.006	75.2208	55.6316	26.5592	67.0197	21.2621	3.07594	16.0121	27.4536	4.45354	2.49419	2.89512	11.1855	3.29043	0.352108	3.00773	42.1061	168.628	244.708	543.853	101.343	193.805	67.2458	154.799	56.0038	
268.075	67.1057	21.1066	167.061	27.0029	35.3194	19.1191	5.5185	11.5901	4.9272	32.6586	22.44	27.5601	3.18547	0.836261	5.99769	2.97899	2.54238	4.5241	4.23179	18.0466	11.3783	13.7288	33.8198	10.5983	4.26981	6.67379	0.324005	5.76839	7.28256	32.0829	3.59213	3.87464	1.31132	11.8046	1.85513	27.6999	9.71703	15.9582	27.8921	18.1375	16.0833	6.57955	16.1852	5.04741	0.825754	3.87395	6.11024	1.13529	0.618694	0.719827	2.05219	0.598846	0.0661476	0.541733	8.04914	36.2648	57.73	92.5335	18.3007	37.7189	12.5185	17.9208	20.0697	
