Abus
0.0320849
0.0520591
0.0439365
0.0211396
0.0369883
0.0408388
0.0443519
0.04833
0.0439346
0.0326909
0.0180913
0.0378362
0.0274877
0.0315302
0.0224947
0.02653
0.0196029
0.024471
0.0301328
0.0313087
0.0388403
0.0317777
0.0339925
0.023743
0.0309102
0.0250472
0.0249618
0.020053
0.0235187
0.0355666
0.0292974
0.032697
0.0147873
0.0340172
0.025337
0.0304813
0.033038
0.034761
0.0312282
0.0310251
0.022306
0.0339893
0.0353303
0.0286046
0.0337628
0.0371699
0.0223433
0.0298287
0.0251459
0.0232468
0.0301326
0.0186636
0.0248921
0.0263896
0.0250561
0.0642847
0.0285262
0.0291198
0.0326356
0.0316388
0.0315868
0.0567568
0.0264804
0.0292907
