Abus
0.0213098
0.0501839
0.0423403
0.0236695
0.0392455
0.0362784
0.0396822
0.0382332
0.0376949
0.0286096
0.00848751
0.0346954
0.0228545
0.0270317
0.0180963
0.0216469
0.0164946
0.0194519
0.0257739
0.0264015
0.0393277
0.0383024
0.0297782
0.022764
0.0259927
0.0236931
0.0259692
0.0167623
0.0194055
0.0309897
0.0247904
0.0260845
0.0102633
0.0285377
0.0191679
0.0269242
0.029792
0.0290059
0.035908
0.0261213
0.014816
0.0292623
0.0324699
0.024448
0.0311573
0.0312875
0.0185819
0.0255799
0.0208789
0.0207248
0.0253214
0.0153914
0.0174811
0.0198453
0.0217868
0.0438542
0.0280913
0.029695
0.0274584
0.0269862
0.0298735
0.0447987
0.0231407
0.0250617
